accum_steps,avg_conf_cancel_interval,conf_cancel_hist2,conf_cancel_step,conflict_hist_steps,delta_val_probe_acc,delta_val_probe_loss,epoch,eval_every_steps,event,global_step,lr,microbatch_size,seed,step_in_epoch,val_probe_acc,val_probe_loss,val_probe_size
16,,0.7588856220245361,0.7588856220245361,,,,1,,step,1,0.003,4,2,0,,,
,0.7588856220245361,,,1,,,1,1,eval,1,0.003,,2,,0.49458483948173937,0.7156808019114745,277
16,,0.4730428457260132,0.4730428457260132,,,,1,,step,2,0.003,4,2,1,,,
,0.4730428457260132,,,1,-0.025270757907564445,-0.007604957057250505,1,1,eval,2,0.003,,2,,0.4693140815741749,0.708075844854224,277
16,,0.5955311059951782,0.5955311059951782,,,,1,,step,3,0.003,4,2,2,,,
,0.5955311059951782,,,1,-0.014440433428175636,-0.0008915449738071679,1,1,eval,3,0.003,,2,,0.4548736481459993,0.7071842998804169,277
16,,0.8726198077201843,0.8726198077201843,,,,1,,step,4,0.003,4,2,3,,,
,0.8726198077201843,,,1,0.0288808664259928,0.0015122376194068865,1,1,eval,4,0.003,,2,,0.4837545145719921,0.7086965374998238,277
16,,0.8640009164810181,0.8640009164810181,,,,1,,step,5,0.003,4,2,4,,,
,0.8640009164810181,,,1,0.025270757907564445,0.0004480872773952038,1,1,eval,5,0.003,,2,,0.5090252724795565,0.709144624777219,277
16,,0.7293723225593567,0.7293723225593567,,,,1,,step,6,0.003,4,2,5,,,
,0.7293723225593567,,,1,-0.05054151764415232,0.005902833241417937,1,1,eval,6,0.003,,2,,0.4584837548354042,0.7150474580186369,277
16,,0.8922494649887085,0.8922494649887085,,,,1,,step,7,0.003,4,2,6,,,
,0.8922494649887085,,,1,0.021660651648517992,0.01198835557978939,1,1,eval,7,0.003,,2,,0.4801444064839222,0.7270358135984263,277
16,,0.40800994634628296,0.40800994634628296,,,,1,,step,8,0.003,4,2,7,,,
,0.40800994634628296,,,1,0.028880866425992746,-0.02584093550912747,1,1,eval,8,0.003,,2,,0.509025272909915,0.7011948780892988,277
16,,0.8336247205734253,0.8336247205734253,,,,1,,step,9,0.003,4,2,8,,,
,0.8336247205734253,,,1,-0.0036101085184282455,0.005172237377304545,1,1,eval,9,0.003,,2,,0.5054151643914867,0.7063671154666034,277
16,,0.6266918182373047,0.6266918182373047,,,,1,,step,10,0.003,4,2,9,,,
,0.6266918182373047,,,1,0.0036101083032490378,-0.0010681014629048136,1,1,eval,10,0.003,,2,,0.5090252726947357,0.7052990140036985,277
16,,0.8804707527160645,0.8804707527160645,,,,1,,step,11,0.003,4,2,10,,,
,0.8804707527160645,,,1,0.0036101085184283566,-0.004902182933655852,1,1,eval,11,0.003,,2,,0.5126353812131641,0.7003968310700427,277
16,,0.5251186490058899,0.5251186490058899,,,,1,,step,12,0.003,4,2,11,,,
,0.5251186490058899,,,1,-0.03971119337994272,0.00633748020936431,1,1,eval,12,0.003,,2,,0.4729241878332214,0.706734311279407,277
16,,0.6383176445960999,0.6383176445960999,,,,1,,step,13,0.003,4,2,12,,,
,0.6383176445960999,,,1,0.018050541516245466,0.011498281886861639,1,1,eval,13,0.003,,2,,0.49097472934946684,0.7182325931662686,277
16,,0.5339958667755127,0.5339958667755127,,,,1,,step,14,0.003,4,2,13,,,
,0.5339958667755127,,,1,-0.032490974298883424,-0.011365421412223409,1,1,eval,14,0.003,,2,,0.4584837550505834,0.7068671717540452,277
16,,0.8063175082206726,0.8063175082206726,,,,1,,step,15,0.003,4,2,14,,,
,0.8063175082206726,,,1,0.01805054108588705,0.03859808621423766,1,1,eval,15,0.003,,2,,0.47653429613647047,0.7454652579682829,277
16,,0.2955852150917053,0.2955852150917053,,,,1,,step,16,0.003,4,2,15,,,
,0.2955852150917053,,,1,0.05415162637775983,-0.04196550549152522,1,1,eval,16,0.003,,2,,0.5306859225142303,0.7034997524767577,277
16,,0.67333984375,0.67333984375,,,,1,,step,17,0.003,4,2,16,,,
,0.67333984375,,,1,-0.021660650034673767,-0.004331378945374831,1,1,eval,17,0.003,,2,,0.5090252724795565,0.6991683735313828,277
16,,0.39772844314575195,0.39772844314575195,,,,1,,step,18,0.003,4,2,17,,,
,0.39772844314575195,,,1,-0.03610108443115595,0.0818844388107961,1,1,eval,18,0.003,,2,,0.4729241880484006,0.7810528123421789,277
16,,0.20635241270065308,0.20635241270065308,,,,1,,step,19,0.003,4,2,18,,,
,0.20635241270065308,,,1,0.0,-0.05626750594872432,1,1,eval,19,0.003,,2,,0.4729241880484006,0.7247853063934546,277
16,,0.9455064535140991,0.9455064535140991,,,,1,,step,20,0.003,4,2,19,,,
,0.9455064535140991,,,1,0.0,-0.015715808214263327,1,1,eval,20,0.003,,2,,0.4729241880484006,0.7090694981791913,277
16,,0.6431349515914917,0.6431349515914917,,,,1,,step,21,0.003,4,2,20,,,
,0.6431349515914917,,,1,0.05415162616258068,-0.002439389590321861,1,1,eval,21,0.003,,2,,0.5270758142109813,0.7066301085888694,277
16,,0.36988890171051025,0.36988890171051025,,,,1,,step,22,0.003,4,2,21,,,
,0.36988890171051025,,,1,-0.039711193218558316,-0.0133946847829578,1,1,eval,22,0.003,,2,,0.48736462099242295,0.6932354238059116,277
16,,0.9873979687690735,0.9873979687690735,,,,1,,step,23,0.003,4,2,22,,,
,0.9873979687690735,,,1,-0.014440432944022363,0.000993301937296076,1,1,eval,23,0.003,,2,,0.4729241880484006,0.6942287257432077,277
16,,0.7379162907600403,0.7379162907600403,,,,1,,step,24,0.003,4,2,23,,,
,0.7379162907600403,,,1,0.05415162616258068,-0.0019557745017729777,1,1,eval,24,0.003,,2,,0.5270758142109813,0.6922729512414347,277
16,,0.9368826150894165,0.9368826150894165,,,,1,,step,25,0.003,4,2,24,,,
,0.9368826150894165,,,1,0.0,-0.0006704562837896999,1,1,eval,25,0.003,,2,,0.5270758142109813,0.691602494957645,277
16,,0.7311761379241943,0.7311761379241943,,,,1,,step,26,0.003,4,2,25,,,
,0.7311761379241943,,,1,0.0,0.00044573364705380314,1,1,eval,26,0.003,,2,,0.5270758142109813,0.6920482286046988,277
16,,0.9763295650482178,0.9763295650482178,,,,1,,step,27,0.003,4,2,26,,,
,0.9763295650482178,,,1,0.0,0.0005345977170373439,1,1,eval,27,0.003,,2,,0.5270758142109813,0.6925828263217362,277
16,,0.8503836393356323,0.8503836393356323,,,,1,,step,28,0.003,4,2,27,,,
,0.8503836393356323,,,1,0.0,-0.0005776133347935586,1,1,eval,28,0.003,,2,,0.5270758142109813,0.6920052129869426,277
16,,0.6951771974563599,0.6951771974563599,,,,1,,step,29,0.003,4,2,28,,,
,0.6951771974563599,,,1,-0.05415162616258068,0.001243527185185389,1,1,eval,29,0.003,,2,,0.4729241880484006,0.693248740172128,277
16,,0.8264350295066833,0.8264350295066833,,,,1,,step,30,0.003,4,2,29,,,
,0.8264350295066833,,,1,0.0,0.0038965705930110728,1,1,eval,30,0.003,,2,,0.4729241880484006,0.6971453107651391,277
16,,0.6103261113166809,0.6103261113166809,,,,1,,step,31,0.003,4,2,30,,,
,0.6103261113166809,,,1,0.0,-0.002205423714882304,1,1,eval,31,0.003,,2,,0.4729241880484006,0.6949398870502568,277
16,,0.25719165802001953,0.25719165802001953,,,,1,,step,32,0.003,4,2,31,,,
,0.25719165802001953,,,1,0.05415162616258068,-0.000337817823843789,1,1,eval,32,0.003,,2,,0.5270758142109813,0.694602069226413,277
16,,0.28366607427597046,0.28366607427597046,,,,1,,step,33,0.003,4,2,32,,,
,0.28366607427597046,,,1,0.0,6.360611760658497e-05,1,1,eval,33,0.003,,2,,0.5270758142109813,0.6946656753440196,277
16,,0.5301092863082886,0.5301092863082886,,,,1,,step,34,0.003,4,2,33,,,
,0.5301092863082886,,,1,0.0,-0.002902971493207951,1,1,eval,34,0.003,,2,,0.5270758142109813,0.6917627038508116,277
16,,0.7393933534622192,0.7393933534622192,,,,1,,step,35,0.003,4,2,34,,,
,0.7393933534622192,,,1,0.0,0.00034614805710442287,1,1,eval,35,0.003,,2,,0.5270758142109813,0.692108851907916,277
16,,0.739627480506897,0.739627480506897,,,,1,,step,36,0.003,4,2,35,,,
,0.739627480506897,,,1,0.0,-0.0003446958125283839,1,1,eval,36,0.003,,2,,0.5270758142109813,0.6917641560953877,277
16,,0.8755061626434326,0.8755061626434326,,,,1,,step,37,0.003,4,2,36,,,
,0.8755061626434326,,,1,0.0,0.0009294391108765065,1,1,eval,37,0.003,,2,,0.5270758142109813,0.6926935952062642,277
16,,0.8574813604354858,0.8574813604354858,,,,1,,step,38,0.003,4,2,37,,,
,0.8574813604354858,,,1,-0.043321301252833344,0.0004593955911023073,1,1,eval,38,0.003,,2,,0.4837545129581479,0.6931529907973665,277
16,,0.999104917049408,0.999104917049408,,,,1,,step,39,0.003,4,2,38,,,
,0.999104917049408,,,1,-0.010830324909747335,0.0004589895479085726,1,1,eval,39,0.003,,2,,0.4729241880484006,0.693611980345275,277
16,,0.7863913774490356,0.7863913774490356,,,,2,,step,40,0.003,4,2,0,,,
,0.7863913774490356,,,1,0.05415162616258068,-0.0008582165094920269,2,1,eval,40,0.003,,2,,0.5270758142109813,0.692753763835783,277
16,,0.21356159448623657,0.21356159448623657,,,,2,,step,41,0.003,4,2,1,,,
,0.21356159448623657,,,1,-0.05415162616258068,0.0053541767898449555,2,1,eval,41,0.003,,2,,0.4729241880484006,0.698107940625628,277
16,,0.8691906332969666,0.8691906332969666,,,,2,,step,42,0.003,4,2,2,,,
,0.8691906332969666,,,1,0.0,0.0052687523597414465,2,1,eval,42,0.003,,2,,0.4729241880484006,0.7033766929853694,277
16,,0.40246546268463135,0.40246546268463135,,,,2,,step,43,0.003,4,2,3,,,
,0.40246546268463135,,,1,0.0,-0.005757566608676878,2,1,eval,43,0.003,,2,,0.4729241880484006,0.6976191263766925,277
16,,0.8216806650161743,0.8216806650161743,,,,2,,step,44,0.003,4,2,4,,,
,0.8216806650161743,,,1,0.05415162616258068,-0.005135811838432369,2,1,eval,44,0.003,,2,,0.5270758142109813,0.6924833145382602,277
16,,0.5694634318351746,0.5694634318351746,,,,2,,step,45,0.003,4,2,5,,,
,0.5694634318351746,,,1,0.0,-0.0004597452573397165,2,1,eval,45,0.003,,2,,0.5270758142109813,0.6920235692809205,277
16,,0.8344619870185852,0.8344619870185852,,,,2,,step,46,0.003,4,2,6,,,
,0.8344619870185852,,,1,0.0,0.0002265531663860898,2,1,eval,46,0.003,,2,,0.5270758142109813,0.6922501224473065,277
16,,0.8529893755912781,0.8529893755912781,,,,2,,step,47,0.003,4,2,7,,,
,0.8529893755912781,,,1,-0.05415162616258068,0.001108662316084752,2,1,eval,47,0.003,,2,,0.4729241880484006,0.6933587847633913,277
16,,0.7389737367630005,0.7389737367630005,,,,2,,step,48,0.003,4,2,8,,,
,0.7389737367630005,,,1,0.0,0.004375972042014897,2,1,eval,48,0.003,,2,,0.4729241880484006,0.6977347568054062,277
16,,0.6554735898971558,0.6554735898971558,,,,2,,step,49,0.003,4,2,9,,,
,0.6554735898971558,,,1,0.0,-0.0004243469840783387,2,1,eval,49,0.003,,2,,0.4729241880484006,0.6973104098213279,277
16,,0.7146450281143188,0.7146450281143188,,,,2,,step,50,0.003,4,2,10,,,
,0.7146450281143188,,,1,0.0,-0.0035506387910257953,2,1,eval,50,0.003,,2,,0.4729241880484006,0.6937597710303021,277
16,,0.771245002746582,0.771245002746582,,,,2,,step,51,0.003,4,2,11,,,
,0.771245002746582,,,1,0.0,3.110351114932186e-05,2,1,eval,51,0.003,,2,,0.4729241880484006,0.6937908745414514,277
16,,0.7079005837440491,0.7079005837440491,,,,2,,step,52,0.003,4,2,12,,,
,0.7079005837440491,,,1,0.0,0.0021594659516096515,2,1,eval,52,0.003,,2,,0.4729241880484006,0.695950340493061,277
16,,0.5295525789260864,0.5295525789260864,,,,2,,step,53,0.003,4,2,13,,,
,0.5295525789260864,,,1,0.0,0.009469103081562014,2,1,eval,53,0.003,,2,,0.4729241880484006,0.705419443574623,277
16,,0.9584051370620728,0.9584051370620728,,,,2,,step,54,0.003,4,2,14,,,
,0.9584051370620728,,,1,0.0,0.011859152936763317,2,1,eval,54,0.003,,2,,0.4729241880484006,0.7172785965113864,277
16,,0.47934675216674805,0.47934675216674805,,,,2,,step,55,0.003,4,2,15,,,
,0.47934675216674805,,,1,0.0,-0.0029911504325453864,2,1,eval,55,0.003,,2,,0.4729241880484006,0.714287446078841,277
16,,0.37754887342453003,0.37754887342453003,,,,2,,step,56,0.003,4,2,16,,,
,0.37754887342453003,,,1,0.0,-0.01641092597362359,2,1,eval,56,0.003,,2,,0.4729241880484006,0.6978765201052174,277
16,,0.706749439239502,0.706749439239502,,,,2,,step,57,0.003,4,2,17,,,
,0.706749439239502,,,1,0.0,-0.004253829429295974,2,1,eval,57,0.003,,2,,0.4729241880484006,0.6936226906759214,277
16,,0.6847721338272095,0.6847721338272095,,,,2,,step,58,0.003,4,2,18,,,
,0.6847721338272095,,,1,0.0,7.904608757436371e-06,2,1,eval,58,0.003,,2,,0.4729241880484006,0.6936305952846789,277
16,,0.2980266213417053,0.2980266213417053,,,,2,,step,59,0.003,4,2,19,,,
,0.2980266213417053,,,1,0.05415162616258068,-0.0017866272788615856,2,1,eval,59,0.003,,2,,0.5270758142109813,0.6918439680058173,277
16,,0.9721614718437195,0.9721614718437195,,,,2,,step,60,0.003,4,2,20,,,
,0.9721614718437195,,,1,0.0,0.003527369525028079,2,1,eval,60,0.003,,2,,0.5270758142109813,0.6953713375308453,277
16,,0.9435554146766663,0.9435554146766663,,,,2,,step,61,0.003,4,2,21,,,
,0.9435554146766663,,,1,0.0,0.006311598022061604,2,1,eval,61,0.003,,2,,0.5270758142109813,0.701682935552907,277
16,,0.3040706515312195,0.3040706515312195,,,,2,,step,62,0.003,4,2,22,,,
,0.3040706515312195,,,1,0.0,-0.004936329939735584,2,1,eval,62,0.003,,2,,0.5270758142109813,0.6967466056131714,277
16,,0.7535254955291748,0.7535254955291748,,,,2,,step,63,0.003,4,2,23,,,
,0.7535254955291748,,,1,0.0,-0.004744236434840121,2,1,eval,63,0.003,,2,,0.5270758142109813,0.6920023691783312,277
16,,0.8846932053565979,0.8846932053565979,,,,2,,step,64,0.003,4,2,24,,,
,0.8846932053565979,,,1,0.0,0.00016697821634348298,2,1,eval,64,0.003,,2,,0.5270758142109813,0.6921693473946747,277
16,,0.6716086864471436,0.6716086864471436,,,,2,,step,65,0.003,4,2,25,,,
,0.6716086864471436,,,1,-0.05415162616258068,0.006378290455263835,2,1,eval,65,0.003,,2,,0.4729241880484006,0.6985476378499386,277
16,,0.7767360210418701,0.7767360210418701,,,,2,,step,66,0.003,4,2,26,,,
,0.7767360210418701,,,1,0.0,0.006300271418120507,2,1,eval,66,0.003,,2,,0.4729241880484006,0.7048479092680591,277
16,,0.49319368600845337,0.49319368600845337,,,,2,,step,67,0.003,4,2,27,,,
,0.49319368600845337,,,1,0.0,-0.00335734028248158,2,1,eval,67,0.003,,2,,0.4729241880484006,0.7014905689855775,277
16,,0.1236540675163269,0.1236540675163269,,,,2,,step,68,0.003,4,2,28,,,
,0.1236540675163269,,,1,0.05415162616258068,-0.008622788780432655,2,1,eval,68,0.003,,2,,0.5270758142109813,0.6928677802051448,277
16,,0.41864365339279175,0.41864365339279175,,,,2,,step,69,0.003,4,2,29,,,
,0.41864365339279175,,,1,0.0,0.0008892337337726985,2,1,eval,69,0.003,,2,,0.5270758142109813,0.6937570139389175,277
16,,0.6867938041687012,0.6867938041687012,,,,2,,step,70,0.003,4,2,30,,,
,0.6867938041687012,,,1,0.0,0.007992390045620468,2,1,eval,70,0.003,,2,,0.5270758142109813,0.701749403984538,277
16,,0.19300609827041626,0.19300609827041626,,,,2,,step,71,0.003,4,2,31,,,
,0.19300609827041626,,,1,0.0,-0.00042700552337859854,2,1,eval,71,0.003,,2,,0.5270758142109813,0.7013223984611594,277
16,,0.7408119440078735,0.7408119440078735,,,,2,,step,72,0.003,4,2,32,,,
,0.7408119440078735,,,1,0.0,-0.0035120612447442356,2,1,eval,72,0.003,,2,,0.5270758142109813,0.6978103372164152,277
16,,0.42597121000289917,0.42597121000289917,,,,2,,step,73,0.003,4,2,33,,,
,0.42597121000289917,,,1,0.0,-0.005642522758525281,2,1,eval,73,0.003,,2,,0.5270758142109813,0.6921678144578899,277
16,,0.8998030424118042,0.8998030424118042,,,,2,,step,74,0.003,4,2,34,,,
,0.8998030424118042,,,1,0.0,0.00011473657422123029,2,1,eval,74,0.003,,2,,0.5270758142109813,0.6922825510321111,277
16,,0.7456406354904175,0.7456406354904175,,,,2,,step,75,0.003,4,2,35,,,
,0.7456406354904175,,,1,-0.05415162616258068,0.006289658133303622,2,1,eval,75,0.003,,2,,0.4729241880484006,0.6985722091654147,277
16,,0.7513485550880432,0.7513485550880432,,,,2,,step,76,0.003,4,2,36,,,
,0.7513485550880432,,,1,0.0,0.01931469126298535,2,1,eval,76,0.003,,2,,0.4729241880484006,0.7178869004284001,277
16,,0.2789432406425476,0.2789432406425476,,,,2,,step,77,0.003,4,2,37,,,
,0.2789432406425476,,,1,0.0,0.004621791925671359,2,1,eval,77,0.003,,2,,0.4729241880484006,0.7225086923540714,277
16,,0.4112563133239746,0.4112563133239746,,,,2,,step,78,0.003,4,2,38,,,
,0.4112563133239746,,,1,0.0,-0.012029952736107408,2,1,eval,78,0.003,,2,,0.4729241880484006,0.710478739617964,277
16,,0.3634710907936096,0.3634710907936096,,,,3,,step,79,0.003,4,2,0,,,
,0.3634710907936096,,,1,0.0,-0.01617643979482275,3,1,eval,79,0.003,,2,,0.4729241880484006,0.6943022998231413,277
16,,0.9295614957809448,0.9295614957809448,,,,3,,step,80,0.003,4,2,1,,,
,0.9295614957809448,,,1,0.05415162616258068,-0.0021642216276175352,3,1,eval,80,0.003,,2,,0.5270758142109813,0.6921380781955238,277
16,,0.7549561262130737,0.7549561262130737,,,,3,,step,81,0.003,4,2,2,,,
,0.7549561262130737,,,1,0.0,0.004459938202523994,3,1,eval,81,0.003,,2,,0.5270758142109813,0.6965980163980477,277
16,,0.6915762424468994,0.6915762424468994,,,,3,,step,82,0.003,4,2,3,,,
,0.6915762424468994,,,1,0.0,0.003535356977786397,3,1,eval,82,0.003,,2,,0.5270758142109813,0.7001333733758341,277
16,,0.45873361825942993,0.45873361825942993,,,,3,,step,83,0.003,4,2,4,,,
,0.45873361825942993,,,1,0.0,-0.001238637667700715,3,1,eval,83,0.003,,2,,0.5270758142109813,0.6988947357081334,277
16,,0.6170060634613037,0.6170060634613037,,,,3,,step,84,0.003,4,2,5,,,
,0.6170060634613037,,,1,0.0,-0.004155823254843538,3,1,eval,84,0.003,,2,,0.5270758142109813,0.6947389124532899,277
16,,0.7100839614868164,0.7100839614868164,,,,3,,step,85,0.003,4,2,6,,,
,0.7100839614868164,,,1,0.0,-0.002737878677216643,3,1,eval,85,0.003,,2,,0.5270758142109813,0.6920010337760732,277
16,,0.6962947845458984,0.6962947845458984,,,,3,,step,86,0.003,4,2,7,,,
,0.6962947845458984,,,1,0.0,0.0006044401588852777,3,1,eval,86,0.003,,2,,0.5270758142109813,0.6926054739349585,277
16,,0.7616457939147949,0.7616457939147949,,,,3,,step,87,0.003,4,2,8,,,
,0.7616457939147949,,,1,-0.05415162616258068,0.0032328756707670214,3,1,eval,87,0.003,,2,,0.4729241880484006,0.6958383496057255,277
16,,0.692136287689209,0.692136287689209,,,,3,,step,88,0.003,4,2,9,,,
,0.692136287689209,,,1,0.0,0.0023859924357720885,3,1,eval,88,0.003,,2,,0.4729241880484006,0.6982243420414976,277
16,,0.5820348262786865,0.5820348262786865,,,,3,,step,89,0.003,4,2,10,,,
,0.5820348262786865,,,1,0.0,-0.0016308592544996836,3,1,eval,89,0.003,,2,,0.4729241880484006,0.696593482786998,277
16,,0.8853084444999695,0.8853084444999695,,,,3,,step,90,0.003,4,2,11,,,
,0.8853084444999695,,,1,0.0,-0.0017441651020669857,3,1,eval,90,0.003,,2,,0.4729241880484006,0.694849317684931,277
16,,0.5462813377380371,0.5462813377380371,,,,3,,step,91,0.003,4,2,12,,,
,0.5462813377380371,,,1,0.05415162616258068,-0.002261575593844989,3,1,eval,91,0.003,,2,,0.5270758142109813,0.692587742091086,277
16,,0.9736533761024475,0.9736533761024475,,,,3,,step,92,0.003,4,2,13,,,
,0.9736533761024475,,,1,0.0,-0.0008364771677699112,3,1,eval,92,0.003,,2,,0.5270758142109813,0.6917512649233161,277
16,,0.7319895029067993,0.7319895029067993,,,,3,,step,93,0.003,4,2,14,,,
,0.7319895029067993,,,1,0.0,-6.936689576519939e-05,3,1,eval,93,0.003,,2,,0.5270758142109813,0.6916818980275509,277
16,,0.9831042289733887,0.9831042289733887,,,,3,,step,94,0.003,4,2,15,,,
,0.9831042289733887,,,1,0.0,0.00010312830067715772,3,1,eval,94,0.003,,2,,0.5270758142109813,0.691785026328228,277
16,,0.4993709325790405,0.4993709325790405,,,,3,,step,95,0.003,4,2,16,,,
,0.4993709325790405,,,1,0.0,-0.00010426294072007902,3,1,eval,95,0.003,,2,,0.5270758142109813,0.691680763387508,277
16,,0.6500122547149658,0.6500122547149658,,,,3,,step,96,0.003,4,2,17,,,
,0.6500122547149658,,,1,0.0,3.4910677141342106e-06,3,1,eval,96,0.003,,2,,0.5270758142109813,0.6916842544552221,277
16,,0.7507679462432861,0.7507679462432861,,,,3,,step,97,0.003,4,2,18,,,
,0.7507679462432861,,,1,0.0,0.00014783307533405843,3,1,eval,97,0.003,,2,,0.5270758142109813,0.6918320875305561,277
16,,0.473724901676178,0.473724901676178,,,,3,,step,98,0.003,4,2,19,,,
,0.473724901676178,,,1,0.0,0.0011957496512237098,3,1,eval,98,0.003,,2,,0.5270758142109813,0.6930278371817798,277
16,,0.7598139643669128,0.7598139643669128,,,,3,,step,99,0.003,4,2,20,,,
,0.7598139643669128,,,1,-0.05415162616258068,0.001535206710388537,3,1,eval,99,0.003,,2,,0.4729241880484006,0.6945630438921684,277
16,,0.9591855406761169,0.9591855406761169,,,,3,,step,100,0.003,4,2,21,,,
,0.9591855406761169,,,1,0.0,0.0019523860745481736,3,1,eval,100,0.003,,2,,0.4729241880484006,0.6965154299667166,277
16,,0.5759849548339844,0.5759849548339844,,,,3,,step,101,0.003,4,2,22,,,
,0.5759849548339844,,,1,0.0,0.004580749931748618,3,1,eval,101,0.003,,2,,0.4729241880484006,0.7010961798984652,277
16,,0.7657605409622192,0.7657605409622192,,,,3,,step,102,0.003,4,2,23,,,
,0.7657605409622192,,,1,0.0,0.0038477718184570797,3,1,eval,102,0.003,,2,,0.4729241880484006,0.7049439517169223,277
16,,0.7392892837524414,0.7392892837524414,,,,3,,step,103,0.003,4,2,24,,,
,0.7392892837524414,,,1,0.0,0.001857889688402281,3,1,eval,103,0.003,,2,,0.4729241880484006,0.7068018414053245,277
16,,0.7053564190864563,0.7053564190864563,,,,3,,step,104,0.003,4,2,25,,,
,0.7053564190864563,,,1,0.0,-0.0005153249747485988,3,1,eval,104,0.003,,2,,0.4729241880484006,0.7062865164305759,277
16,,0.8238534927368164,0.8238534927368164,,,,3,,step,105,0.003,4,2,26,,,
,0.8238534927368164,,,1,0.0,0.0008369062351405443,3,1,eval,105,0.003,,2,,0.4729241880484006,0.7071234226657165,277
16,,0.5542017817497253,0.5542017817497253,,,,3,,step,106,0.003,4,2,27,,,
,0.5542017817497253,,,1,0.0,-0.0029751305545709927,3,1,eval,106,0.003,,2,,0.4729241880484006,0.7041482921111455,277
16,,0.8032850027084351,0.8032850027084351,,,,3,,step,107,0.003,4,2,28,,,
,0.8032850027084351,,,1,0.0,-0.0037623893483020865,3,1,eval,107,0.003,,2,,0.4729241880484006,0.7003859027628434,277
16,,0.9656768441200256,0.9656768441200256,,,,3,,step,108,0.003,4,2,29,,,
,0.9656768441200256,,,1,0.0,-0.0025772254389546667,3,1,eval,108,0.003,,2,,0.4729241880484006,0.6978086773238887,277
16,,0.820709228515625,0.820709228515625,,,,3,,step,109,0.003,4,2,30,,,
,0.820709228515625,,,1,0.0,-0.0012816369318359166,3,1,eval,109,0.003,,2,,0.4729241880484006,0.6965270403920528,277
16,,0.6154744625091553,0.6154744625091553,,,,3,,step,110,0.003,4,2,31,,,
,0.6154744625091553,,,1,0.0,-0.0018096876058337763,3,1,eval,110,0.003,,2,,0.4729241880484006,0.694717352786219,277
16,,0.9132463932037354,0.9132463932037354,,,,3,,step,111,0.003,4,2,32,,,
,0.9132463932037354,,,1,0.0,-0.0010316204077930324,3,1,eval,111,0.003,,2,,0.4729241880484006,0.693685732378426,277
16,,0.8111907243728638,0.8111907243728638,,,,3,,step,112,0.003,4,2,33,,,
,0.8111907243728638,,,1,0.05415162616258068,-0.001027650566307603,3,1,eval,112,0.003,,2,,0.5270758142109813,0.6926580818121184,277
16,,0.8954101800918579,0.8954101800918579,,,,3,,step,113,0.003,4,2,34,,,
,0.8954101800918579,,,1,0.0,-0.0007160374834219718,3,1,eval,113,0.003,,2,,0.5270758142109813,0.6919420443286964,277
16,,0.8839904069900513,0.8839904069900513,,,,3,,step,114,0.003,4,2,35,,,
,0.8839904069900513,,,1,0.0,-0.00021832858612391703,3,1,eval,114,0.003,,2,,0.5270758142109813,0.6917237157425725,277
16,,0.6215077638626099,0.6215077638626099,,,,3,,step,115,0.003,4,2,36,,,
,0.6215077638626099,,,1,0.0,-4.2461316077657685e-06,3,1,eval,115,0.003,,2,,0.5270758142109813,0.6917194696109648,277
16,,0.7910462617874146,0.7910462617874146,,,,3,,step,116,0.003,4,2,37,,,
,0.7910462617874146,,,1,0.0,6.911126284825375e-05,3,1,eval,116,0.003,,2,,0.5270758142109813,0.691788580873813,277
16,,0.23231548070907593,0.23231548070907593,,,,3,,step,117,0.003,4,2,38,,,
,0.23231548070907593,,,1,0.0,-9.903150345014211e-05,3,1,eval,117,0.003,,2,,0.5270758142109813,0.6916895493703629,277
16,,0.7112902402877808,0.7112902402877808,,,,4,,step,118,0.003,4,2,0,,,
,0.7112902402877808,,,1,0.0,5.9610239435237133e-05,4,1,eval,118,0.003,,2,,0.5270758142109813,0.6917491596097981,277
16,,0.832465410232544,0.832465410232544,,,,4,,step,119,0.003,4,2,1,,,
,0.832465410232544,,,1,0.0,0.0002523346498124468,4,1,eval,119,0.003,,2,,0.5270758142109813,0.6920014942596106,277
16,,0.6551545858383179,0.6551545858383179,,,,4,,step,120,0.003,4,2,2,,,
,0.6551545858383179,,,1,0.0,9.688164783294706e-05,4,1,eval,120,0.003,,2,,0.5270758142109813,0.6920983759074435,277
16,,0.9775441884994507,0.9775441884994507,,,,4,,step,121,0.003,4,2,3,,,
,0.9775441884994507,,,1,0.0,0.00012288971498120027,4,1,eval,121,0.003,,2,,0.5270758142109813,0.6922212656224247,277
16,,0.8284726142883301,0.8284726142883301,,,,4,,step,122,0.003,4,2,4,,,
,0.8284726142883301,,,1,0.0,-2.1441103318919907e-05,4,1,eval,122,0.003,,2,,0.5270758142109813,0.6921998245191058,277
16,,0.9156845211982727,0.9156845211982727,,,,4,,step,123,0.003,4,2,5,,,
,0.9156845211982727,,,1,0.0,7.580333668399941e-05,4,1,eval,123,0.003,,2,,0.5270758142109813,0.6922756278557898,277
16,,0.7790887951850891,0.7790887951850891,,,,4,,step,124,0.003,4,2,6,,,
,0.7790887951850891,,,1,0.0,-0.0002105177955076254,4,1,eval,124,0.003,,2,,0.5270758142109813,0.6920651100602822,277
16,,0.7615830302238464,0.7615830302238464,,,,4,,step,125,0.003,4,2,7,,,
,0.7615830302238464,,,1,0.0,-0.0002594753723282883,4,1,eval,125,0.003,,2,,0.5270758142109813,0.6918056346879539,277
16,,0.7934859395027161,0.7934859395027161,,,,4,,step,126,0.003,4,2,8,,,
,0.7934859395027161,,,1,0.0,-0.00012533242952084134,4,1,eval,126,0.003,,2,,0.5270758142109813,0.691680302258433,277
16,,0.4422377347946167,0.4422377347946167,,,,4,,step,127,0.003,4,2,9,,,
,0.4422377347946167,,,1,0.0,0.0003895798314779153,4,1,eval,127,0.003,,2,,0.5270758142109813,0.6920698820899109,277
16,,0.3935527801513672,0.3935527801513672,,,,4,,step,128,0.003,4,2,10,,,
,0.3935527801513672,,,1,-0.05415162616258068,0.0017214639092180128,4,1,eval,128,0.003,,2,,0.4729241880484006,0.693791345999129,277
16,,0.6466522216796875,0.6466522216796875,,,,4,,step,129,0.003,4,2,11,,,
,0.6466522216796875,,,1,0.0,0.0016458731696064044,4,1,eval,129,0.003,,2,,0.4729241880484006,0.6954372191687354,277
16,,0.7109952569007874,0.7109952569007874,,,,4,,step,130,0.003,4,2,12,,,
,0.7109952569007874,,,1,0.0,0.0012210898020637018,4,1,eval,130,0.003,,2,,0.4729241880484006,0.6966583089707991,277
16,,0.9528254270553589,0.9528254270553589,,,,4,,step,131,0.003,4,2,13,,,
,0.9528254270553589,,,1,0.0,0.0011212130746256488,4,1,eval,131,0.003,,2,,0.4729241880484006,0.6977795220454247,277
16,,0.9841873049736023,0.9841873049736023,,,,4,,step,132,0.003,4,2,14,,,
,0.9841873049736023,,,1,0.0,0.0011300354227692377,4,1,eval,132,0.003,,2,,0.4729241880484006,0.6989095574681939,277
16,,0.38457679748535156,0.38457679748535156,,,,4,,step,133,0.003,4,2,15,,,
,0.38457679748535156,,,1,0.0,-0.0013717714199520392,4,1,eval,133,0.003,,2,,0.4729241880484006,0.6975377860482419,277
16,,0.9260980486869812,0.9260980486869812,,,,4,,step,134,0.003,4,2,16,,,
,0.9260980486869812,,,1,0.0,-0.0012255868326456199,4,1,eval,134,0.003,,2,,0.4729241880484006,0.6963121992155963,277
16,,0.17997151613235474,0.17997151613235474,,,,4,,step,135,0.003,4,2,17,,,
,0.17997151613235474,,,1,0.0,-0.002133298651836313,4,1,eval,135,0.003,,2,,0.4729241880484006,0.69417890056376,277
16,,0.8548092246055603,0.8548092246055603,,,,4,,step,136,0.003,4,2,18,,,
,0.8548092246055603,,,1,0.05415162616258068,-0.0012177140704131562,4,1,eval,136,0.003,,2,,0.5270758142109813,0.6929611864933468,277
16,,0.9410205483436584,0.9410205483436584,,,,4,,step,137,0.003,4,2,19,,,
,0.9410205483436584,,,1,0.0,-0.00079278481135725,4,1,eval,137,0.003,,2,,0.5270758142109813,0.6921684016819896,277
16,,0.6238296031951904,0.6238296031951904,,,,4,,step,138,0.003,4,2,20,,,
,0.6238296031951904,,,1,0.0,-0.0004759607332277538,4,1,eval,138,0.003,,2,,0.5270758142109813,0.6916924409487618,277
16,,0.9605894684791565,0.9605894684791565,,,,4,,step,139,0.003,4,2,21,,,
,0.9605894684791565,,,1,0.0,0.00017090437644651235,4,1,eval,139,0.003,,2,,0.5270758142109813,0.6918633453252083,277
16,,0.9733060002326965,0.9733060002326965,,,,4,,step,140,0.003,4,2,22,,,
,0.9733060002326965,,,1,0.0,0.0006128648558247907,4,1,eval,140,0.003,,2,,0.5270758142109813,0.6924762101810331,277
16,,0.824659526348114,0.824659526348114,,,,4,,step,141,0.003,4,2,23,,,
,0.824659526348114,,,1,0.0,0.0011060349777717304,4,1,eval,141,0.003,,2,,0.5270758142109813,0.6935822451588048,277
16,,0.5344712734222412,0.5344712734222412,,,,4,,step,142,0.003,4,2,24,,,
,0.5344712734222412,,,1,0.0,0.0005252539896363206,4,1,eval,142,0.003,,2,,0.5270758142109813,0.6941074991484412,277
16,,0.3354608416557312,0.3354608416557312,,,,4,,step,143,0.003,4,2,25,,,
,0.3354608416557312,,,1,0.0,-0.0005003052498029348,4,1,eval,143,0.003,,2,,0.5270758142109813,0.6936071938986382,277
16,,0.6743019223213196,0.6743019223213196,,,,4,,step,144,0.003,4,2,26,,,
,0.6743019223213196,,,1,0.0,-0.0007016966489248322,4,1,eval,144,0.003,,2,,0.5270758142109813,0.6929054972497134,277
16,,0.5246790647506714,0.5246790647506714,,,,4,,step,145,0.003,4,2,27,,,
,0.5246790647506714,,,1,0.0,-0.0007193172451390728,4,1,eval,145,0.003,,2,,0.5270758142109813,0.6921861800045743,277
16,,0.78912353515625,0.78912353515625,,,,4,,step,146,0.003,4,2,28,,,
,0.78912353515625,,,1,0.0,-0.00043187137114875096,4,1,eval,146,0.003,,2,,0.5270758142109813,0.6917543086334256,277
16,,0.9350717067718506,0.9350717067718506,,,,4,,step,147,0.003,4,2,29,,,
,0.9350717067718506,,,1,0.0,-6.681142731257417e-05,4,1,eval,147,0.003,,2,,0.5270758142109813,0.691687497206113,277
16,,0.5685804486274719,0.5685804486274719,,,,4,,step,148,0.003,4,2,30,,,
,0.5685804486274719,,,1,0.0,0.0003219754687284748,4,1,eval,148,0.003,,2,,0.5270758142109813,0.6920094726748415,277
16,,0.7092540264129639,0.7092540264129639,,,,4,,step,149,0.003,4,2,31,,,
,0.7092540264129639,,,1,0.0,0.0009270118892408252,4,1,eval,149,0.003,,2,,0.5270758142109813,0.6929364845640823,277
16,,0.4900158643722534,0.4900158643722534,,,,4,,step,150,0.003,4,2,32,,,
,0.4900158643722534,,,1,-0.05415162616258068,0.0017049127537420716,4,1,eval,150,0.003,,2,,0.4729241880484006,0.6946413973178244,277
16,,0.8763144612312317,0.8763144612312317,,,,4,,step,151,0.003,4,2,33,,,
,0.8763144612312317,,,1,0.0,0.0022466557120588426,4,1,eval,151,0.003,,2,,0.4729241880484006,0.6968880530298832,277
16,,0.9621810913085938,0.9621810913085938,,,,4,,step,152,0.003,4,2,34,,,
,0.9621810913085938,,,1,0.0,0.002554918454442223,4,1,eval,152,0.003,,2,,0.4729241880484006,0.6994429714843254,277
16,,0.5209158062934875,0.5209158062934875,,,,4,,step,153,0.003,4,2,35,,,
,0.5209158062934875,,,1,0.0,0.003670148685951058,4,1,eval,153,0.003,,2,,0.4729241880484006,0.7031131201702765,277
16,,0.7402331829071045,0.7402331829071045,,,,4,,step,154,0.003,4,2,36,,,
,0.7402331829071045,,,1,0.0,0.002958954241301659,4,1,eval,154,0.003,,2,,0.4729241880484006,0.7060720744115782,277
16,,0.8977876305580139,0.8977876305580139,,,,4,,step,155,0.003,4,2,37,,,
,0.8977876305580139,,,1,0.0,0.002508654060776938,4,1,eval,155,0.003,,2,,0.4729241880484006,0.7085807284723551,277
16,,0.5362962484359741,0.5362962484359741,,,,4,,step,156,0.003,4,2,38,,,
,0.5362962484359741,,,1,0.0,0.001239842671349578,4,1,eval,156,0.003,,2,,0.4729241880484006,0.7098205711437047,277
16,,0.5923730134963989,0.5923730134963989,,,,5,,step,157,0.003,4,2,0,,,
,0.5923730134963989,,,1,0.0,-0.00033154018519165884,5,1,eval,157,0.003,,2,,0.4729241880484006,0.709489030958513,277
16,,0.9623684287071228,0.9623684287071228,,,,5,,step,158,0.003,4,2,1,,,
,0.9623684287071228,,,1,0.0,-0.0001572211296548831,5,1,eval,158,0.003,,2,,0.4729241880484006,0.7093318098288581,277
16,,0.6867939233779907,0.6867939233779907,,,,5,,step,159,0.003,4,2,2,,,
,0.6867939233779907,,,1,0.0,-0.0009527025670351685,5,1,eval,159,0.003,,2,,0.4729241880484006,0.708379107261823,277
16,,0.4227018356323242,0.4227018356323242,,,,5,,step,160,0.003,4,2,3,,,
,0.4227018356323242,,,1,0.0,-0.0018742116780057216,5,1,eval,160,0.003,,2,,0.4729241880484006,0.7065048955838172,277
16,,0.6880075931549072,0.6880075931549072,,,,5,,step,161,0.003,4,2,4,,,
,0.6880075931549072,,,1,0.0,-0.0024303075208560454,5,1,eval,161,0.003,,2,,0.4729241880484006,0.7040745880629612,277
16,,0.5337706804275513,0.5337706804275513,,,,5,,step,162,0.003,4,2,5,,,
,0.5337706804275513,,,1,0.0,-0.0028894371504387673,5,1,eval,162,0.003,,2,,0.4729241880484006,0.7011851509125224,277
16,,0.8469982147216797,0.8469982147216797,,,,5,,step,163,0.003,4,2,6,,,
,0.8469982147216797,,,1,0.0,-0.002062359871847108,5,1,eval,163,0.003,,2,,0.4729241880484006,0.6991227910406753,277
16,,0.5361672639846802,0.5361672639846802,,,,5,,step,164,0.003,4,2,7,,,
,0.5361672639846802,,,1,0.0,-0.0009287823838878273,5,1,eval,164,0.003,,2,,0.4729241880484006,0.6981940086567875,277
16,,0.9372012615203857,0.9372012615203857,,,,5,,step,165,0.003,4,2,8,,,
,0.9372012615203857,,,1,0.0,-0.0006580641123361541,5,1,eval,165,0.003,,2,,0.4729241880484006,0.6975359445444513,277
16,,0.8256361484527588,0.8256361484527588,,,,5,,step,166,0.003,4,2,9,,,
,0.8256361484527588,,,1,0.0,-0.000768276543393509,5,1,eval,166,0.003,,2,,0.4729241880484006,0.6967676680010578,277
16,,0.7943519353866577,0.7943519353866577,,,,5,,step,167,0.003,4,2,10,,,
,0.7943519353866577,,,1,0.0,-0.00043396614088475616,5,1,eval,167,0.003,,2,,0.4729241880484006,0.6963337018601731,277
16,,0.590307891368866,0.590307891368866,,,,5,,step,168,0.003,4,2,11,,,
,0.590307891368866,,,1,0.0,-0.0007968402941734842,5,1,eval,168,0.003,,2,,0.4729241880484006,0.6955368615659996,277
16,,0.582822322845459,0.582822322845459,,,,5,,step,169,0.003,4,2,12,,,
,0.582822322845459,,,1,0.0,-0.00039354623009579814,5,1,eval,169,0.003,,2,,0.4729241880484006,0.6951433153359038,277
16,,0.8435485363006592,0.8435485363006592,,,,5,,step,170,0.003,4,2,13,,,
,0.8435485363006592,,,1,0.0,-0.00020509420319159144,5,1,eval,170,0.003,,2,,0.4729241880484006,0.6949382211327122,277
16,,0.7486879229545593,0.7486879229545593,,,,5,,step,171,0.003,4,2,14,,,
,0.7486879229545593,,,1,0.0,-0.0003770454265580314,5,1,eval,171,0.003,,2,,0.4729241880484006,0.6945611757061542,277
16,,0.871807873249054,0.871807873249054,,,,5,,step,172,0.003,4,2,15,,,
,0.871807873249054,,,1,0.0,-0.0002445823879448916,5,1,eval,172,0.003,,2,,0.4729241880484006,0.6943165933182093,277
16,,0.8124898672103882,0.8124898672103882,,,,5,,step,173,0.003,4,2,16,,,
,0.8124898672103882,,,1,0.0,-0.0003605682927347864,5,1,eval,173,0.003,,2,,0.4729241880484006,0.6939560250254745,277
16,,0.8883981704711914,0.8883981704711914,,,,5,,step,174,0.003,4,2,17,,,
,0.8883981704711914,,,1,0.0,-0.00022803037175200824,5,1,eval,174,0.003,,2,,0.4729241880484006,0.6937279946537225,277
16,,0.9776512980461121,0.9776512980461121,,,,5,,step,175,0.003,4,2,18,,,
,0.9776512980461121,,,1,0.0,-0.00019810367577344223,5,1,eval,175,0.003,,2,,0.4729241880484006,0.693529890977949,277
16,,0.8728446960449219,0.8728446960449219,,,,5,,step,176,0.003,4,2,19,,,
,0.8728446960449219,,,1,0.0,-0.00010282791048188411,5,1,eval,176,0.003,,2,,0.4729241880484006,0.6934270630674672,277
16,,0.7042394280433655,0.7042394280433655,,,,5,,step,177,0.003,4,2,20,,,
,0.7042394280433655,,,1,0.0,-0.00021252089889467474,5,1,eval,177,0.003,,2,,0.4729241880484006,0.6932145421685725,277
16,,0.5492343902587891,0.5492343902587891,,,,5,,step,178,0.003,4,2,21,,,
,0.5492343902587891,,,1,0.0,-3.430709942153776e-05,5,1,eval,178,0.003,,2,,0.4729241880484006,0.6931802350691509,277
16,,0.4277799129486084,0.4277799129486084,,,,5,,step,179,0.003,4,2,22,,,
,0.4277799129486084,,,1,0.05415162616258068,-0.00023197826495668927,5,1,eval,179,0.003,,2,,0.5270758142109813,0.6929482568041943,277
16,,0.6078498363494873,0.6078498363494873,,,,5,,step,180,0.003,4,2,23,,,
,0.6078498363494873,,,1,0.0,-6.965674217851436e-05,5,1,eval,180,0.003,,2,,0.5270758142109813,0.6928786000620157,277
16,,0.5347044467926025,0.5347044467926025,,,,5,,step,181,0.003,4,2,24,,,
,0.5347044467926025,,,1,0.0,5.11864032125553e-05,5,1,eval,181,0.003,,2,,0.5270758142109813,0.6929297864652283,277
16,,0.5111351609230042,0.5111351609230042,,,,5,,step,182,0.003,4,2,25,,,
,0.5111351609230042,,,1,0.0,-7.305011852554166e-05,5,1,eval,182,0.003,,2,,0.5270758142109813,0.6928567363467028,277
16,,0.8449605703353882,0.8449605703353882,,,,5,,step,183,0.003,4,2,26,,,
,0.8449605703353882,,,1,0.0,-2.0573070333318455e-05,5,1,eval,183,0.003,,2,,0.5270758142109813,0.6928361632763694,277
16,,0.6213194131851196,0.6213194131851196,,,,5,,step,184,0.003,4,2,27,,,
,0.6213194131851196,,,1,0.0,-7.901338033300398e-05,5,1,eval,184,0.003,,2,,0.5270758142109813,0.6927571498960364,277
16,,0.4266054034233093,0.4266054034233093,,,,5,,step,185,0.003,4,2,28,,,
,0.4266054034233093,,,1,0.0,-0.00014361706881749203,5,1,eval,185,0.003,,2,,0.5270758142109813,0.6926135328272189,277
16,,0.978249728679657,0.978249728679657,,,,5,,step,186,0.003,4,2,29,,,
,0.978249728679657,,,1,0.0,-0.0001061244561784136,5,1,eval,186,0.003,,2,,0.5270758142109813,0.6925074083710405,277
16,,0.688247799873352,0.688247799873352,,,,5,,step,187,0.003,4,2,30,,,
,0.688247799873352,,,1,0.0,-3.598829469098064e-05,5,1,eval,187,0.003,,2,,0.5270758142109813,0.6924714200763495,277
16,,0.7715280652046204,0.7715280652046204,,,,5,,step,188,0.003,4,2,31,,,
,0.7715280652046204,,,1,0.0,-5.1225781010355576e-05,5,1,eval,188,0.003,,2,,0.5270758142109813,0.6924201942953392,277
16,,0.6073143482208252,0.6073143482208252,,,,5,,step,189,0.003,4,2,32,,,
,0.6073143482208252,,,1,0.0,-8.049338302884568e-05,5,1,eval,189,0.003,,2,,0.5270758142109813,0.6923397009123103,277
16,,0.8388546705245972,0.8388546705245972,,,,5,,step,190,0.003,4,2,33,,,
,0.8388546705245972,,,1,0.0,-7.375547601862209e-05,5,1,eval,190,0.003,,2,,0.5270758142109813,0.6922659454362917,277
