accum_steps,avg_conf_cancel_interval,conf_cancel_hist2,conf_cancel_step,conflict_hist_steps,delta_val_probe_acc,delta_val_probe_loss,elapsed_sec,epoch,eval_every_steps,event,global_step,lr,microbatch_size,seed,step_in_epoch,val_probe_acc,val_probe_loss,val_probe_size
16,,0.7588856220245361,0.7588856220245361,,,,,1,,step,1,0.002,4,2,0,,,
16,,0.5562649965286255,0.5562649965286255,,,,,1,,step,2,0.002,4,2,1,,,
,0.5562649965286255,,,1,,,,1,2,eval,2,0.002,,2,,0.4693140815741749,0.7085338103642103,277
16,,0.6152557730674744,0.6152557730674744,,,,,1,,step,3,0.002,4,2,2,,,
16,,0.9149585366249084,0.9149585366249084,,,,,1,,step,4,0.002,4,2,3,,,
,0.9149585366249084,,,1,-0.018050541516245522,0.0027555554352081124,,1,2,eval,4,0.002,,2,,0.4512635400579294,0.7112893657994184,277
16,,0.7972601652145386,0.7972601652145386,,,,,1,,step,5,0.002,4,2,4,,,
16,,0.6854269504547119,0.6854269504547119,,,,,1,,step,6,0.002,4,2,5,,,
,0.6854269504547119,,,1,0.007220214992654017,0.0053335798346179075,,1,2,eval,6,0.002,,2,,0.4584837550505834,0.7166229456340363,277
16,,0.8918038606643677,0.8918038606643677,,,,,1,,step,7,0.002,4,2,6,,,
16,,0.3863983154296875,0.3863983154296875,,,,,1,,step,8,0.002,4,2,7,,,
,0.3863983154296875,,,1,0.021660649604315352,-0.01744145348614301,,1,2,eval,8,0.002,,2,,0.48014440465489877,0.6991814921478933,277
16,,0.8941075801849365,0.8941075801849365,,,,,1,,step,9,0.002,4,2,8,,,
16,,0.589103102684021,0.589103102684021,,,,,1,,step,10,0.002,4,2,9,,,
,0.589103102684021,,,1,0.0288808664259928,0.002516604072350437,,1,2,eval,10,0.002,,2,,0.5090252710808916,0.7016980962202437,277
16,,0.8857380151748657,0.8857380151748657,,,,,1,,step,11,0.002,4,2,10,,,
16,,0.648107647895813,0.648107647895813,,,,,1,,step,12,0.002,4,2,11,,,
,0.648107647895813,,,1,-0.032490974729241895,0.02275152025670346,,1,2,eval,12,0.002,,2,,0.4765342963516497,0.7244496164769472,277
16,,0.4680495858192444,0.4680495858192444,,,,,1,,step,13,0.002,4,2,12,,,
16,,0.6219069957733154,0.6219069957733154,,,,,1,,step,14,0.002,4,2,13,,,
,0.6219069957733154,,,1,0.014440432997817165,-0.022740809495698566,,1,2,eval,14,0.002,,2,,0.49097472934946684,0.7017088069812486,277
16,,0.559165894985199,0.559165894985199,,,,,1,,step,15,0.002,4,2,14,,,
16,,0.8314914107322693,0.8314914107322693,,,,,1,,step,16,0.002,4,2,15,,,
,0.8314914107322693,,,1,0.03971119316476346,-0.003294312781805697,,1,2,eval,16,0.002,,2,,0.5306859225142303,0.6984144941994429,277
16,,0.8492510914802551,0.8492510914802551,,,,,1,,step,17,0.002,4,2,16,,,
16,,0.40408265590667725,0.40408265590667725,,,,,1,,step,18,0.002,4,2,17,,,
,0.40408265590667725,,,1,-0.039711192949584195,0.005587885741292431,,1,2,eval,18,0.002,,2,,0.4909747295646461,0.7040023799407353,277
16,,0.48712778091430664,0.48712778091430664,,,,,1,,step,19,0.002,4,2,18,,,
16,,0.5114405155181885,0.5114405155181885,,,,,1,,step,20,0.002,4,2,19,,,
,0.5114405155181885,,,1,0.018050543345268844,-0.008777151469289257,,1,2,eval,20,0.002,,2,,0.509025272909915,0.6952252284714461,277
16,,0.7454699277877808,0.7454699277877808,,,,,1,,step,21,0.002,4,2,20,,,
16,,0.7748094201087952,0.7748094201087952,,,,,1,,step,22,0.002,4,2,21,,,
,0.7748094201087952,,,1,-0.036101084861514365,0.008840570596151065,,1,2,eval,22,0.002,,2,,0.4729241880484006,0.7040657990675971,277
16,,0.6577253341674805,0.6577253341674805,,,,,1,,step,23,0.002,4,2,22,,,
16,,0.7833364605903625,0.7833364605903625,,,,,1,,step,24,0.002,4,2,23,,,
,0.7833364605903625,,,1,0.05415162616258068,0.004809741293910541,,1,2,eval,24,0.002,,2,,0.5270758142109813,0.7088755403615077,277
16,,0.364502489566803,0.364502489566803,,,,,1,,step,25,0.002,4,2,24,,,
16,,0.55474853515625,0.55474853515625,,,,,1,,step,26,0.002,4,2,25,,,
,0.55474853515625,,,1,-0.010830326738770713,-0.016671734811596894,,1,2,eval,26,0.002,,2,,0.5162454874722106,0.6922038055499108,277
16,,0.8389394283294678,0.8389394283294678,,,,,1,,step,27,0.002,4,2,26,,,
16,,0.602898895740509,0.602898895740509,,,,,1,,step,28,0.002,4,2,27,,,
,0.602898895740509,,,1,-0.02888086621081354,0.008569651777563525,,1,2,eval,28,0.002,,2,,0.487364621261397,0.7007734573274743,277
16,,0.8386738300323486,0.8386738300323486,,,,,1,,step,29,0.002,4,2,28,,,
16,,0.8775407671928406,0.8775407671928406,,,,,1,,step,30,0.002,4,2,29,,,
,0.8775407671928406,,,1,0.010830324694568072,-0.0063074269880025735,,1,2,eval,30,0.002,,2,,0.4981949459559651,0.6944660303394717,277
16,,0.6171649694442749,0.6171649694442749,,,,,1,,step,31,0.002,4,2,30,,,
16,,0.3778451681137085,0.3778451681137085,,,,,1,,step,32,0.002,4,2,31,,,
,0.3778451681137085,,,1,0.02527075995176703,-0.004908437978489721,,1,2,eval,32,0.002,,2,,0.5234657059077321,0.689557592360982,277
16,,0.346002459526062,0.346002459526062,,,,,1,,step,33,0.002,4,2,32,,,
16,,0.5907215476036072,0.5907215476036072,,,,,1,,step,34,0.002,4,2,33,,,
,0.5907215476036072,,,1,0.0,0.00048449172870346224,,1,2,eval,34,0.002,,2,,0.5234657059077321,0.6900420840896855,277
16,,0.7716962099075317,0.7716962099075317,,,,,1,,step,35,0.002,4,2,34,,,
16,,0.8007214069366455,0.8007214069366455,,,,,1,,step,36,0.002,4,2,35,,,
,0.8007214069366455,,,1,0.0,0.0005241666890223318,,1,2,eval,36,0.002,,2,,0.5234657059077321,0.6905662507787078,277
16,,0.8566374182701111,0.8566374182701111,,,,,1,,step,37,0.002,4,2,36,,,
16,,0.9075765013694763,0.9075765013694763,,,,,1,,step,38,0.002,4,2,37,,,
,0.9075765013694763,,,1,0.0036101064742257716,6.119740138410545e-05,,1,2,eval,38,0.002,,2,,0.5270758123819579,0.6906274481800919,277
16,,0.8796029686927795,0.8796029686927795,,,,,1,,step,39,0.002,4,2,38,,,
16,,0.8256843090057373,0.8256843090057373,,,,,2,,step,40,0.002,4,2,0,,,
,0.8256843090057373,,,1,-0.0072202166064981865,0.0011225549322603223,,2,2,eval,40,0.002,,2,,0.5198555957754597,0.6917500031123522,277
16,,0.36771875619888306,0.36771875619888306,,,,,2,,step,41,0.002,4,2,1,,,
16,,0.812558650970459,0.812558650970459,,,,,2,,step,42,0.002,4,2,2,,,
,0.812558650970459,,,1,-0.04332129963898923,0.0067937038435402775,,2,2,eval,42,0.002,,2,,0.47653429613647047,0.6985437069558925,277
16,,0.4642102122306824,0.4642102122306824,,,,,2,,step,43,0.002,4,2,3,,,
16,,0.7354696989059448,0.7354696989059448,,,,,2,,step,44,0.002,4,2,4,,,
,0.7354696989059448,,,1,0.021660650034673823,-0.008408110709827277,,2,2,eval,44,0.002,,2,,0.4981949461711443,0.6901355962460652,277
16,,0.7835490703582764,0.7835490703582764,,,,,2,,step,45,0.002,4,2,5,,,
16,,0.8755130767822266,0.8755130767822266,,,,,2,,step,46,0.002,4,2,6,,,
,0.8755130767822266,,,1,0.06137184212354113,-0.00837557216843976,,2,2,eval,46,0.002,,2,,0.5595667882946854,0.6817600240776255,277
16,,0.7959200143814087,0.7959200143814087,,,,,2,,step,47,0.002,4,2,7,,,
16,,0.69781494140625,0.69781494140625,,,,,2,,step,48,0.002,4,2,8,,,
,0.69781494140625,,,1,-0.03610108357043906,0.018679369227550535,,2,2,eval,48,0.002,,2,,0.5234657047242464,0.700439393305176,277
16,,0.6486020088195801,0.6486020088195801,,,,,2,,step,49,0.002,4,2,9,,,
16,,0.45723313093185425,0.45723313093185425,,,,,2,,step,50,0.002,4,2,10,,,
,0.45723313093185425,,,1,0.018050542484552068,-0.018655488422200994,,2,2,eval,50,0.002,,2,,0.5415162472087984,0.681783904882975,277
16,,0.7503401041030884,0.7503401041030884,,,,,2,,step,51,0.002,4,2,11,,,
16,,0.5468183755874634,0.5468183755874634,,,,,2,,step,52,0.002,4,2,12,,,
,0.5468183755874634,,,1,0.021660649604315352,-0.00040325619253445133,,2,2,eval,52,0.002,,2,,0.5631768968131138,0.6813806486904406,277
16,,0.4838024973869324,0.4838024973869324,,,,,2,,step,53,0.002,4,2,13,,,
16,,0.8319544792175293,0.8319544792175293,,,,,2,,step,54,0.002,4,2,14,,,
,0.8319544792175293,,,1,-0.05415162573222221,0.008851573570540672,,2,2,eval,54,0.002,,2,,0.5090252710808916,0.6902322222609812,277
16,,0.609670102596283,0.609670102596283,,,,,2,,step,55,0.002,4,2,15,,,
16,,0.5696691274642944,0.5696691274642944,,,,,2,,step,56,0.002,4,2,16,,,
,0.5696691274642944,,,1,-0.010830325124926488,0.0025221804419148786,,2,2,eval,56,0.002,,2,,0.4981949459559651,0.6927544027028961,277
16,,0.7562798857688904,0.7562798857688904,,,,,2,,step,57,0.002,4,2,17,,,
16,,0.8959611654281616,0.8959611654281616,,,,,2,,step,58,0.002,4,2,18,,,
,0.8959611654281616,,,1,0.018050541516245466,0.0025804425835179723,,2,2,eval,58,0.002,,2,,0.5162454874722106,0.6953348452864141,277
16,,0.2507259249687195,0.2507259249687195,,,,,2,,step,59,0.002,4,2,19,,,
16,,0.8851879835128784,0.8851879835128784,,,,,2,,step,60,0.002,4,2,20,,,
,0.8851879835128784,,,1,0.028880868039836916,-0.0067596969191348055,,2,2,eval,60,0.002,,2,,0.5451263555120475,0.6885751483672793,277
16,,0.7930288314819336,0.7930288314819336,,,,,2,,step,61,0.002,4,2,21,,,
16,,0.4518250823020935,0.4518250823020935,,,,,2,,step,62,0.002,4,2,22,,,
,0.4518250823020935,,,1,4.30358526593011e-10,-0.00048666611475201016,,2,2,eval,62,0.002,,2,,0.545126355942406,0.6880884822525273,277
16,,0.8009836673736572,0.8009836673736572,,,,,2,,step,63,0.002,4,2,23,,,
16,,0.6202996969223022,0.6202996969223022,,,,,2,,step,64,0.002,4,2,24,,,
,0.6202996969223022,,,1,-0.07220216789400541,0.05278108589055297,,2,2,eval,64,0.002,,2,,0.4729241880484006,0.7408695681430802,277
16,,0.6531276702880859,0.6531276702880859,,,,,2,,step,65,0.002,4,2,25,,,
16,,0.6629956364631653,0.6629956364631653,,,,,2,,step,66,0.002,4,2,26,,,
,0.6629956364631653,,,1,0.07581227555171682,-0.049503518355882514,,2,2,eval,66,0.002,,2,,0.5487364636001174,0.6913660497871977,277
16,,0.6951588988304138,0.6951588988304138,,,,,2,,step,67,0.002,4,2,27,,,
16,,0.7006419897079468,0.7006419897079468,,,,,2,,step,68,0.002,4,2,28,,,
,0.7006419897079468,,,1,-0.021660649604315352,0.03123545065683575,,2,2,eval,68,0.002,,2,,0.5270758139958021,0.7226015004440335,277
16,,0.7070344686508179,0.7070344686508179,,,,,2,,step,69,0.002,4,2,29,,,
16,,0.6431758403778076,0.6431758403778076,,,,,2,,step,70,0.002,4,2,30,,,
,0.6431758403778076,,,1,2.1517920778535427e-10,-0.026143987256266987,,2,2,eval,70,0.002,,2,,0.5270758142109813,0.6964575131877665,277
16,,0.509166955947876,0.509166955947876,,,,,2,,step,71,0.002,4,2,31,,,
16,,0.6464850902557373,0.6464850902557373,,,,,2,,step,72,0.002,4,2,32,,,
,0.6464850902557373,,,1,-0.02166065121815952,0.0029421478832671877,,2,2,eval,72,0.002,,2,,0.5054151629928217,0.6993996610710337,277
16,,0.7022267580032349,0.7022267580032349,,,,,2,,step,73,0.002,4,2,33,,,
16,,0.4378162622451782,0.4378162622451782,,,,,2,,step,74,0.002,4,2,34,,,
,0.4378162622451782,,,1,-0.014440433428175636,-0.002991720442307111,,2,2,eval,74,0.002,,2,,0.4909747295646461,0.6964079406287266,277
16,,0.9303531646728516,0.9303531646728516,,,,,2,,step,75,0.002,4,2,35,,,
16,,0.5983599424362183,0.5983599424362183,,,,,2,,step,76,0.002,4,2,36,,,
,0.5983599424362183,,,1,-0.025270756293720276,-0.0027175915800707884,,2,2,eval,76,0.002,,2,,0.46570397327092583,0.6936903490486558,277
16,,0.5740768909454346,0.5740768909454346,,,,,2,,step,77,0.002,4,2,37,,,
16,,0.7776318788528442,0.7776318788528442,,,,,2,,step,78,0.002,4,2,38,,,
,0.7776318788528442,,,1,0.04693140751187974,-0.0023412807753799836,,2,2,eval,78,0.002,,2,,0.5126353807828056,0.6913490682732758,277
16,,0.6331413984298706,0.6331413984298706,,,,,3,,step,79,0.002,4,2,0,,,
16,,0.716256856918335,0.716256856918335,,,,,3,,step,80,0.002,4,2,1,,,
,0.716256856918335,,,1,0.014440433428175692,0.0065843215487924045,,3,2,eval,80,0.002,,2,,0.5270758142109813,0.6979333898220682,277
16,,0.548997700214386,0.548997700214386,,,,,3,,step,81,0.002,4,2,2,,,
16,,0.7165379524230957,0.7165379524230957,,,,,3,,step,82,0.002,4,2,3,,,
,0.7165379524230957,,,1,0.0,-0.0068934727661876805,,3,2,eval,82,0.002,,2,,0.5270758142109813,0.6910399170558805,277
16,,0.7061269283294678,0.7061269283294678,,,,,3,,step,83,0.002,4,2,4,,,
16,,0.9473627805709839,0.9473627805709839,,,,,3,,step,84,0.002,4,2,5,,,
,0.9473627805709839,,,1,-0.05415162616258068,0.01501852897960787,,3,2,eval,84,0.002,,2,,0.4729241880484006,0.7060584460354884,277
16,,0.611505925655365,0.611505925655365,,,,,3,,step,85,0.002,4,2,6,,,
16,,0.8676053881645203,0.8676053881645203,,,,,3,,step,86,0.002,4,2,7,,,
,0.8676053881645203,,,1,0.0,-0.0014318847484106056,,3,2,eval,86,0.002,,2,,0.4729241880484006,0.7046265612870778,277
16,,0.5474681258201599,0.5474681258201599,,,,,3,,step,87,0.002,4,2,8,,,
16,,0.745940089225769,0.745940089225769,,,,,3,,step,88,0.002,4,2,9,,,
,0.745940089225769,,,1,0.05054151785933153,-0.01142545447883192,,3,2,eval,88,0.002,,2,,0.5234657059077321,0.6932011068082459,277
16,,0.8023710250854492,0.8023710250854492,,,,,3,,step,89,0.002,4,2,10,,,
16,,0.5937036275863647,0.5937036275863647,,,,,3,,step,90,0.002,4,2,11,,,
,0.5937036275863647,,,1,0.0036101083032491488,0.007674008069916249,,3,2,eval,90,0.002,,2,,0.5270758142109813,0.7008751148781621,277
16,,0.8382782936096191,0.8382782936096191,,,,,3,,step,91,0.002,4,2,12,,,
16,,0.5910841822624207,0.5910841822624207,,,,,3,,step,92,0.002,4,2,13,,,
,0.5910841822624207,,,1,-0.0072202166064981865,8.391021391118691e-05,,3,2,eval,92,0.002,,2,,0.5198555976044831,0.7009590250920733,277
16,,0.48914796113967896,0.48914796113967896,,,,,3,,step,93,0.002,4,2,14,,,
16,,0.901035487651825,0.901035487651825,,,,,3,,step,94,0.002,4,2,15,,,
,0.901035487651825,,,1,0.0,-0.0084953105836999,,3,2,eval,94,0.002,,2,,0.5198555976044831,0.6924637145083734,277
16,,0.5448371171951294,0.5448371171951294,,,,,3,,step,95,0.002,4,2,16,,,
16,,0.4031614661216736,0.4031614661216736,,,,,3,,step,96,0.002,4,2,17,,,
,0.4031614661216736,,,1,-0.04693140955608249,0.012503307218586057,,3,2,eval,96,0.002,,2,,0.4729241880484006,0.7049670217269595,277
16,,0.9218112826347351,0.9218112826347351,,,,,3,,step,97,0.002,4,2,18,,,
16,,0.9640520215034485,0.9640520215034485,,,,,3,,step,98,0.002,4,2,19,,,
,0.9640520215034485,,,1,0.0,0.009950519468810093,,3,2,eval,98,0.002,,2,,0.4729241880484006,0.7149175411957696,277
16,,0.362713098526001,0.362713098526001,,,,,3,,step,99,0.002,4,2,20,,,
16,,0.6335040330886841,0.6335040330886841,,,,,3,,step,100,0.002,4,2,21,,,
,0.6335040330886841,,,1,0.0,-0.00920268559714077,,3,2,eval,100,0.002,,2,,0.4729241880484006,0.7057148555986288,277
16,,0.7484889030456543,0.7484889030456543,,,,,3,,step,101,0.002,4,2,22,,,
16,,0.7206301689147949,0.7206301689147949,,,,,3,,step,102,0.002,4,2,23,,,
,0.7206301689147949,,,1,0.0,-0.00539049968822769,,3,2,eval,102,0.002,,2,,0.4729241880484006,0.7003243559104011,277
16,,0.8085083365440369,0.8085083365440369,,,,,3,,step,103,0.002,4,2,24,,,
16,,0.8815370798110962,0.8815370798110962,,,,,3,,step,104,0.002,4,2,25,,,
,0.8815370798110962,,,1,0.0,-0.006373560170404358,,3,2,eval,104,0.002,,2,,0.4729241880484006,0.6939507957399967,277
16,,0.5393620133399963,0.5393620133399963,,,,,3,,step,105,0.002,4,2,26,,,
16,,0.754709005355835,0.754709005355835,,,,,3,,step,106,0.002,4,2,27,,,
,0.754709005355835,,,1,0.05415162616258068,-0.0012614709805925939,,3,2,eval,106,0.002,,2,,0.5270758142109813,0.6926893247594041,277
16,,0.9813216924667358,0.9813216924667358,,,,,3,,step,107,0.002,4,2,28,,,
16,,0.7574255466461182,0.7574255466461182,,,,,3,,step,108,0.002,4,2,29,,,
,0.7574255466461182,,,1,0.0,-0.0004733312431225434,,3,2,eval,108,0.002,,2,,0.5270758142109813,0.6922159935162816,277
16,,0.6200713515281677,0.6200713515281677,,,,,3,,step,109,0.002,4,2,30,,,
16,,0.789935827255249,0.789935827255249,,,,,3,,step,110,0.002,4,2,31,,,
,0.789935827255249,,,1,0.0,0.0007789860133229354,,3,2,eval,110,0.002,,2,,0.5270758142109813,0.6929949795296045,277
16,,0.8509089946746826,0.8509089946746826,,,,,3,,step,111,0.002,4,2,32,,,
16,,0.8184958696365356,0.8184958696365356,,,,,3,,step,112,0.002,4,2,33,,,
,0.8184958696365356,,,1,-0.05415162616258068,0.0006994781511355797,,3,2,eval,112,0.002,,2,,0.4729241880484006,0.6936944576807401,277
16,,0.8571380376815796,0.8571380376815796,,,,,3,,step,113,0.002,4,2,34,,,
16,,0.9568305015563965,0.9568305015563965,,,,,3,,step,114,0.002,4,2,35,,,
,0.9568305015563965,,,1,0.0,-4.734093531810757e-05,,3,2,eval,114,0.002,,2,,0.4729241880484006,0.693647116745422,277
16,,0.7535338401794434,0.7535338401794434,,,,,3,,step,115,0.002,4,2,36,,,
16,,0.9418277740478516,0.9418277740478516,,,,,3,,step,116,0.002,4,2,37,,,
,0.9418277740478516,,,1,0.0,0.0002842545509338379,,3,2,eval,116,0.002,,2,,0.4729241880484006,0.6939313712963558,277
16,,0.1458190679550171,0.1458190679550171,,,,,3,,step,117,0.002,4,2,38,,,
,,,,,,,131.67,SUMMARY,,summary,117,0.002,,2,,,,
16,,0.7534694075584412,0.7534694075584412,,,,,1,,step,1,0.002,4,3,0,,,
16,,0.7941979169845581,0.7941979169845581,,,,,1,,step,2,0.002,4,3,1,,,
,0.7941979169845581,,,1,,,,1,2,eval,2,0.002,,3,,0.5018050554426999,0.6962249866461495,277
16,,0.8455854058265686,0.8455854058265686,,,,,1,,step,3,0.002,4,3,2,,,
16,,0.6951296329498291,0.6951296329498291,,,,,1,,step,4,0.002,4,3,3,,,
,0.6951296329498291,,,1,0.02527075876828133,0.007189945408583642,,1,2,eval,4,0.002,,3,,0.5270758142109813,0.7034149320547332,277
16,,0.6166037321090698,0.6166037321090698,,,,,1,,step,5,0.002,4,3,4,,,
16,,0.8262355327606201,0.8262355327606201,,,,,1,,step,6,0.002,4,3,5,,,
,0.8262355327606201,,,1,-1.6138441694124595e-09,-0.013132349248397235,,1,2,eval,6,0.002,,3,,0.5270758125971371,0.6902825828063359,277
16,,0.8770936131477356,0.8770936131477356,,,,,1,,step,7,0.002,4,3,6,,,
16,,0.6100553274154663,0.6100553274154663,,,,,1,,step,8,0.002,4,3,7,,,
,0.6100553274154663,,,1,-0.0324909749444211,0.006729593561014102,,1,2,eval,8,0.002,,3,,0.494584837652716,0.69701217636735,277
16,,0.3142358064651489,0.3142358064651489,,,,,1,,step,9,0.002,4,3,8,,,
16,,0.4675474762916565,0.4675474762916565,,,,,1,,step,10,0.002,4,3,9,,,
,0.4675474762916565,,,1,0.03249097655826527,0.001389086676848894,,1,2,eval,10,0.002,,3,,0.5270758142109813,0.6984012630441989,277
16,,0.7012799978256226,0.7012799978256226,,,,,1,,step,11,0.002,4,3,10,,,
16,,0.7690069675445557,0.7690069675445557,,,,,1,,step,12,0.002,4,3,11,,,
,0.7690069675445557,,,1,-0.02888086803983697,-0.0042223506455817406,,1,2,eval,12,0.002,,3,,0.4981949461711443,0.6941789123986172,277
16,,0.4399693012237549,0.4399693012237549,,,,,1,,step,13,0.002,4,3,12,,,
16,,0.941966712474823,0.941966712474823,,,,,1,,step,14,0.002,4,3,13,,,
,0.941966712474823,,,1,-0.02527075812274371,0.05796617463177289,,1,2,eval,14,0.002,,3,,0.4729241880484006,0.7521450870303901,277
16,,0.22362160682678223,0.22362160682678223,,,,,1,,step,15,0.002,4,3,14,,,
16,,0.422455370426178,0.422455370426178,,,,,1,,step,16,0.002,4,3,15,,,
,0.422455370426178,,,1,0.05776173446582972,-0.024367528056409737,,1,2,eval,16,0.002,,3,,0.5306859225142303,0.7277775589739803,277
16,,0.27482813596725464,0.27482813596725464,,,,,1,,step,17,0.002,4,3,16,,,
16,,0.5444072484970093,0.5444072484970093,,,,,1,,step,18,0.002,4,3,17,,,
,0.5444072484970093,,,1,-0.05415162637775983,-0.0296087206916259,,1,2,eval,18,0.002,,3,,0.47653429613647047,0.6981688382823544,277
16,,0.8686925768852234,0.8686925768852234,,,,,1,,step,19,0.002,4,3,18,,,
16,,0.31389951705932617,0.31389951705932617,,,,,1,,step,20,0.002,4,3,19,,,
,0.31389951705932617,,,1,-0.0036101080880698855,0.004844187183930981,,1,2,eval,20,0.002,,3,,0.4729241880484006,0.7030130254662854,277
16,,0.8095030784606934,0.8095030784606934,,,,,1,,step,21,0.002,4,3,20,,,
16,,0.8363348245620728,0.8363348245620728,,,,,1,,step,22,0.002,4,3,21,,,
,0.8363348245620728,,,1,0.0,-0.006160001677296134,,1,2,eval,22,0.002,,3,,0.4729241880484006,0.6968530237889893,277
16,,0.7796299457550049,0.7796299457550049,,,,,1,,step,23,0.002,4,3,22,,,
16,,0.8135343790054321,0.8135343790054321,,,,,1,,step,24,0.002,4,3,23,,,
,0.8135343790054321,,,1,0.05415162616258068,-0.007091768381828012,,1,2,eval,24,0.002,,3,,0.5270758142109813,0.6897612554071613,277
16,,0.9183012843132019,0.9183012843132019,,,,,1,,step,25,0.002,4,3,24,,,
16,,0.8780855536460876,0.8780855536460876,,,,,1,,step,26,0.002,4,3,25,,,
,0.8780855536460876,,,1,0.014440433212996373,0.002746752668373764,,1,2,eval,26,0.002,,3,,0.5415162474239776,0.692508008075535,277
16,,0.8478460907936096,0.8478460907936096,,,,,1,,step,27,0.002,4,3,26,,,
16,,0.8094334602355957,0.8094334602355957,,,,,1,,step,28,0.002,4,3,27,,,
,0.8094334602355957,,,1,-0.014440433212996373,0.019217100814791888,,1,2,eval,28,0.002,,3,,0.5270758142109813,0.7117251088903269,277
16,,0.5367788672447205,0.5367788672447205,,,,,1,,step,29,0.002,4,3,28,,,
16,,0.8233927488327026,0.8233927488327026,,,,,1,,step,30,0.002,4,3,29,,,
,0.8233927488327026,,,1,0.0,-0.012069604241891074,,1,2,eval,30,0.002,,3,,0.5270758142109813,0.6996555046484358,277
16,,0.9655589461326599,0.9655589461326599,,,,,1,,step,31,0.002,4,3,30,,,
16,,0.10079443454742432,0.10079443454742432,,,,,1,,step,32,0.002,4,3,31,,,
,0.10079443454742432,,,1,0.014440432782637957,-0.01218975494054253,,1,2,eval,32,0.002,,3,,0.5415162469936192,0.6874657497078933,277
16,,0.8048182725906372,0.8048182725906372,,,,,1,,step,33,0.002,4,3,32,,,
16,,0.7184656858444214,0.7184656858444214,,,,,1,,step,34,0.002,4,3,33,,,
,0.7184656858444214,,,1,-0.06859205894521864,0.07225329974928485,,1,2,eval,34,0.002,,3,,0.4729241880484006,0.7597190494571782,277
16,,0.550743579864502,0.550743579864502,,,,,1,,step,35,0.002,4,3,34,,,
16,,0.41350215673446655,0.41350215673446655,,,,,1,,step,36,0.002,4,3,35,,,
,0.41350215673446655,,,1,0.0,-0.0004756037508967248,,1,2,eval,36,0.002,,3,,0.4729241880484006,0.7592434457062814,277
16,,0.5706449747085571,0.5706449747085571,,,,,1,,step,37,0.002,4,3,36,,,
16,,0.4554222822189331,0.4554222822189331,,,,,1,,step,38,0.002,4,3,37,,,
,0.4554222822189331,,,1,0.0,-0.06227051243454973,,1,2,eval,38,0.002,,3,,0.4729241880484006,0.6969729332717317,277
16,,0.9052534699440002,0.9052534699440002,,,,,1,,step,39,0.002,4,3,38,,,
16,,0.8646826148033142,0.8646826148033142,,,,,2,,step,40,0.002,4,3,0,,,
,0.8646826148033142,,,1,0.05415162616258068,-0.005291607405734866,,2,2,eval,40,0.002,,3,,0.5270758142109813,0.6916813258659968,277
16,,0.7598085999488831,0.7598085999488831,,,,,2,,step,41,0.002,4,3,1,,,
16,,0.5216372609138489,0.5216372609138489,,,,,2,,step,42,0.002,4,3,2,,,
,0.5216372609138489,,,1,-0.0036101083032491488,0.0006478269608012344,,2,2,eval,42,0.002,,3,,0.5234657059077321,0.6923291528267981,277
16,,0.9668050408363342,0.9668050408363342,,,,,2,,step,43,0.002,4,3,3,,,
16,,0.21187609434127808,0.21187609434127808,,,,,2,,step,44,0.002,4,3,4,,,
,0.21187609434127808,,,1,-0.068592059375577,0.0012620091438293457,,2,2,eval,44,0.002,,3,,0.4548736465321551,0.6935911619706274,277
16,,0.17917394638061523,0.17917394638061523,,,,,2,,step,45,0.002,4,3,5,,,
16,,0.515824556350708,0.515824556350708,,,,,2,,step,46,0.002,4,3,6,,,
,0.515824556350708,,,1,0.07220216767882615,0.0027132298972202262,,2,2,eval,46,0.002,,3,,0.5270758142109813,0.6963043918678476,277
16,,0.29759544134140015,0.29759544134140015,,,,,2,,step,47,0.002,4,3,7,,,
16,,0.5468047857284546,0.5468047857284546,,,,,2,,step,48,0.002,4,3,8,,,
,0.5468047857284546,,,1,0.0,-0.004662333627900472,,2,2,eval,48,0.002,,3,,0.5270758142109813,0.6916420582399472,277
16,,0.541698157787323,0.541698157787323,,,,,2,,step,49,0.002,4,3,9,,,
16,,0.600172758102417,0.600172758102417,,,,,2,,step,50,0.002,4,3,10,,,
,0.600172758102417,,,1,0.0036101083032490378,-0.0002944490969827296,,2,2,eval,50,0.002,,3,,0.5306859225142303,0.6913476091429644,277
16,,0.3331133723258972,0.3331133723258972,,,,,2,,step,51,0.002,4,3,11,,,
16,,0.7290076017379761,0.7290076017379761,,,,,2,,step,52,0.002,4,3,12,,,
,0.7290076017379761,,,1,-0.0036101083032490378,0.0006130606689178641,,2,2,eval,52,0.002,,3,,0.5270758142109813,0.6919606698118823,277
16,,0.9820607304573059,0.9820607304573059,,,,,2,,step,53,0.002,4,3,13,,,
16,,0.0908929705619812,0.0908929705619812,,,,,2,,step,54,0.002,4,3,14,,,
,0.0908929705619812,,,1,0.0,-0.0007269408298313795,,2,2,eval,54,0.002,,3,,0.5270758142109813,0.6912337289820509,277
16,,0.7994518876075745,0.7994518876075745,,,,,2,,step,55,0.002,4,3,15,,,
16,,0.8198826313018799,0.8198826313018799,,,,,2,,step,56,0.002,4,3,16,,,
,0.8198826313018799,,,1,-0.05415162616258068,0.009008924668446383,,2,2,eval,56,0.002,,3,,0.4729241880484006,0.7002426536504973,277
16,,0.9175121188163757,0.9175121188163757,,,,,2,,step,57,0.002,4,3,17,,,
16,,0.5437159538269043,0.5437159538269043,,,,,2,,step,58,0.002,4,3,18,,,
,0.5437159538269043,,,1,0.0,0.011781312498374885,,2,2,eval,58,0.002,,3,,0.4729241880484006,0.7120239661488722,277
16,,0.967824399471283,0.967824399471283,,,,,2,,step,59,0.002,4,3,19,,,
16,,0.9780173301696777,0.9780173301696777,,,,,2,,step,60,0.002,4,3,20,,,
,0.9780173301696777,,,1,0.0,0.0017192654230965276,,2,2,eval,60,0.002,,3,,0.4729241880484006,0.7137432315719687,277
16,,0.29884111881256104,0.29884111881256104,,,,,2,,step,61,0.002,4,3,21,,,
16,,0.39974433183670044,0.39974433183670044,,,,,2,,step,62,0.002,4,3,22,,,
,0.39974433183670044,,,1,-0.003610108518428301,-0.018559000121987745,,2,2,eval,62,0.002,,3,,0.4693140795299723,0.695184231449981,277
16,,0.736721396446228,0.736721396446228,,,,,2,,step,63,0.002,4,3,23,,,
16,,0.48514556884765625,0.48514556884765625,,,,,2,,step,64,0.002,4,3,24,,,
,0.48514556884765625,,,1,0.05776173468100898,-0.0017989000258462617,,2,2,eval,64,0.002,,3,,0.5270758142109813,0.6933853314241347,277
16,,0.24445176124572754,0.24445176124572754,,,,,2,,step,65,0.002,4,3,25,,,
16,,0.6777379512786865,0.6777379512786865,,,,,2,,step,66,0.002,4,3,26,,,
,0.6777379512786865,,,1,0.0,-0.0010501314156322605,,2,2,eval,66,0.002,,3,,0.5270758142109813,0.6923352000085025,277
16,,0.8132312297821045,0.8132312297821045,,,,,2,,step,67,0.002,4,3,27,,,
16,,0.8257009983062744,0.8257009983062744,,,,,2,,step,68,0.002,4,3,28,,,
,0.8257009983062744,,,1,0.02166064981949456,-0.00048295212136273413,,2,2,eval,68,0.002,,3,,0.5487364640304758,0.6918522478871397,277
16,,0.7408379912376404,0.7408379912376404,,,,,2,,step,69,0.002,4,3,29,,,
16,,0.8372650742530823,0.8372650742530823,,,,,2,,step,70,0.002,4,3,30,,,
,0.8372650742530823,,,1,-0.07581227598207524,0.006033844896171869,,2,2,eval,70,0.002,,3,,0.4729241880484006,0.6978860927833116,277
16,,0.5768108367919922,0.5768108367919922,,,,,2,,step,71,0.002,4,3,31,,,
16,,0.7347089052200317,0.7347089052200317,,,,,2,,step,72,0.002,4,3,32,,,
,0.7347089052200317,,,1,0.0,0.0022797130505530783,,2,2,eval,72,0.002,,3,,0.4729241880484006,0.7001658058338647,277
16,,0.9344891309738159,0.9344891309738159,,,,,2,,step,73,0.002,4,3,33,,,
16,,0.4239490032196045,0.4239490032196045,,,,,2,,step,74,0.002,4,3,34,,,
,0.4239490032196045,,,1,0.0,-0.002800646886928826,,2,2,eval,74,0.002,,3,,0.4729241880484006,0.6973651589469358,277
16,,0.7679713368415833,0.7679713368415833,,,,,2,,step,75,0.002,4,3,35,,,
16,,0.8468116521835327,0.8468116521835327,,,,,2,,step,76,0.002,4,3,36,,,
,0.8468116521835327,,,1,0.03249097451406263,-0.00486277587146966,,2,2,eval,76,0.002,,3,,0.5054151625624632,0.6925023830754662,277
16,,0.9518291354179382,0.9518291354179382,,,,,2,,step,77,0.002,4,3,37,,,
16,,0.536217451095581,0.536217451095581,,,,,2,,step,78,0.002,4,3,38,,,
,0.536217451095581,,,1,0.021660651648518048,-0.0023392296870262674,,2,2,eval,78,0.002,,3,,0.5270758142109813,0.6901631533884399,277
16,,0.7762416005134583,0.7762416005134583,,,,,3,,step,79,0.002,4,3,0,,,
16,,0.8444758653640747,0.8444758653640747,,,,,3,,step,80,0.002,4,3,1,,,
,0.8444758653640747,,,1,0.0,0.00034677874740718373,,3,2,eval,80,0.002,,3,,0.5270758142109813,0.6905099321358471,277
16,,0.810374915599823,0.810374915599823,,,,,3,,step,81,0.002,4,3,2,,,
16,,0.6991324424743652,0.6991324424743652,,,,,3,,step,82,0.002,4,3,3,,,
,0.6991324424743652,,,1,0.0,0.0005897503036884633,,3,2,eval,82,0.002,,3,,0.5270758142109813,0.6910996824395356,277
16,,0.8821558356285095,0.8821558356285095,,,,,3,,step,83,0.002,4,3,4,,,
16,,0.7151766419410706,0.7151766419410706,,,,,3,,step,84,0.002,4,3,5,,,
,0.7151766419410706,,,1,0.0,0.00023691469151188027,,3,2,eval,84,0.002,,3,,0.5270758142109813,0.6913365971310474,277
16,,0.7689209580421448,0.7689209580421448,,,,,3,,step,85,0.002,4,3,6,,,
16,,0.6298196315765381,0.6298196315765381,,,,,3,,step,86,0.002,4,3,7,,,
,0.6298196315765381,,,1,0.0,-0.0018722765712531064,,3,2,eval,86,0.002,,3,,0.5270758142109813,0.6894643205597943,277
16,,0.7332766056060791,0.7332766056060791,,,,,3,,step,87,0.002,4,3,8,,,
16,,0.8352055549621582,0.8352055549621582,,,,,3,,step,88,0.002,4,3,9,,,
,0.8352055549621582,,,1,0.010830324909747224,-0.0010596257684893917,,3,2,eval,88,0.002,,3,,0.5379061391207285,0.688404694791305,277
16,,0.592179536819458,0.592179536819458,,,,,3,,step,89,0.002,4,3,10,,,
16,,0.839218020439148,0.839218020439148,,,,,3,,step,90,0.002,4,3,11,,,
,0.839218020439148,,,1,0.01805054173142473,0.001004026039412742,,3,2,eval,90,0.002,,3,,0.5559566808521532,0.6894087208307177,277
16,,0.887748122215271,0.887748122215271,,,,,3,,step,91,0.002,4,3,12,,,
16,,0.7082133889198303,0.7082133889198303,,,,,3,,step,92,0.002,4,3,13,,,
,0.7082133889198303,,,1,-0.08303249280375263,0.01070908389797276,,3,2,eval,92,0.002,,3,,0.4729241880484006,0.7001178047286905,277
16,,0.8469746112823486,0.8469746112823486,,,,,3,,step,93,0.002,4,3,14,,,
16,,0.852760910987854,0.852760910987854,,,,,3,,step,94,0.002,4,3,15,,,
,0.852760910987854,,,1,0.0,0.04174187596524237,,3,2,eval,94,0.002,,3,,0.4729241880484006,0.7418596806939328,277
16,,0.4898297190666199,0.4898297190666199,,,,,3,,step,95,0.002,4,3,16,,,
16,,0.140022873878479,0.140022873878479,,,,,3,,step,96,0.002,4,3,17,,,
,0.140022873878479,,,1,0.025270758337922916,-0.0002394124919327112,,3,2,eval,96,0.002,,3,,0.4981949463863235,0.7416202682020001,277
16,,0.6581239700317383,0.6581239700317383,,,,,3,,step,97,0.002,4,3,18,,,
16,,0.5390588045120239,0.5390588045120239,,,,,3,,step,98,0.002,4,3,19,,,
,0.5390588045120239,,,1,-0.046931408372596684,-0.029671258229210906,,3,2,eval,98,0.002,,3,,0.4512635380137268,0.7119490099727892,277
16,,0.6814391016960144,0.6814391016960144,,,,,3,,step,99,0.002,4,3,20,,,
16,,0.6143178939819336,0.6143178939819336,,,,,3,,step,100,0.002,4,3,21,,,
,0.6143178939819336,,,1,0.05415162637775989,-0.015084467855171146,,3,2,eval,100,0.002,,3,,0.5054151643914867,0.6968645421176181,277
16,,0.8232380747795105,0.8232380747795105,,,,,3,,step,101,0.002,4,3,22,,,
16,,0.8821703195571899,0.8821703195571899,,,,,3,,step,102,0.002,4,3,23,,,
,0.8821703195571899,,,1,0.02166064981949456,-0.007177228316503359,,3,2,eval,102,0.002,,3,,0.5270758142109813,0.6896873138011147,277
16,,0.3446354269981384,0.3446354269981384,,,,,3,,step,103,0.002,4,3,24,,,
16,,0.6934143304824829,0.6934143304824829,,,,,3,,step,104,0.002,4,3,25,,,
,0.6934143304824829,,,1,0.0,-0.0007536161677501596,,3,2,eval,104,0.002,,3,,0.5270758142109813,0.6889336976333645,277
16,,0.596676766872406,0.596676766872406,,,,,3,,step,105,0.002,4,3,26,,,
16,,0.8530693054199219,0.8530693054199219,,,,,3,,step,106,0.002,4,3,27,,,
,0.8530693054199219,,,1,0.0,-0.0002755217173469049,,3,2,eval,106,0.002,,3,,0.5270758142109813,0.6886581759160176,277
16,,0.9035260677337646,0.9035260677337646,,,,,3,,step,107,0.002,4,3,28,,,
16,,0.6824411153793335,0.6824411153793335,,,,,3,,step,108,0.002,4,3,29,,,
,0.6824411153793335,,,1,0.0,0.0007197887028167482,,3,2,eval,108,0.002,,3,,0.5270758142109813,0.6893779646188344,277
16,,0.9795770049095154,0.9795770049095154,,,,,3,,step,109,0.002,4,3,30,,,
16,,0.8802044987678528,0.8802044987678528,,,,,3,,step,110,0.002,4,3,31,,,
,0.8802044987678528,,,1,0.0,0.0004585940484965745,,3,2,eval,110,0.002,,3,,0.5270758142109813,0.689836558667331,277
16,,0.5911768078804016,0.5911768078804016,,,,,3,,step,111,0.002,4,3,32,,,
16,,0.8654159307479858,0.8654159307479858,,,,,3,,step,112,0.002,4,3,33,,,
,0.8654159307479858,,,1,0.0,0.00017555526017287715,,3,2,eval,112,0.002,,3,,0.5270758142109813,0.6900121139275038,277
16,,0.7399121522903442,0.7399121522903442,,,,,3,,step,113,0.002,4,3,34,,,
16,,0.9091377258300781,0.9091377258300781,,,,,3,,step,114,0.002,4,3,35,,,
,0.9091377258300781,,,1,0.0,0.00011757607924800517,,3,2,eval,114,0.002,,3,,0.5270758142109813,0.6901296900067518,277
16,,0.7116180062294006,0.7116180062294006,,,,,3,,step,115,0.002,4,3,36,,,
16,,0.4297816753387451,0.4297816753387451,,,,,3,,step,116,0.002,4,3,37,,,
,0.4297816753387451,,,1,0.0,9.018010611139271e-05,,3,2,eval,116,0.002,,3,,0.5270758142109813,0.6902198701128632,277
16,,0.6753566265106201,0.6753566265106201,,,,,3,,step,117,0.002,4,3,38,,,
,,,,,,,131.47,SUMMARY,,summary,117,0.002,,3,,,,
