accum_steps,avg_conf_cancel_interval,conf_cancel_hist2,conf_cancel_step,conflict_hist_steps,delta_val_probe_acc,delta_val_probe_loss,elapsed_sec,epoch,eval_every_steps,event,global_step,lr,microbatch_size,seed,step_in_epoch,val_probe_acc,val_probe_loss,val_probe_size
4,,0.6263165473937988,0.6263165473937988,,,,,1,,step,1,2e-05,8,2,0,,,
4,,0.682049572467804,0.7377825975418091,,,,,1,,step,2,2e-05,8,2,1,,,
,0.682049572467804,,,2,,,,1,2,eval,2,2e-05,,2,,0.564453125,0.6766234785318375,512
4,,0.5408227443695068,0.3438628911972046,,,,,1,,step,3,2e-05,8,2,2,,,
4,,0.44758835434913635,0.5513138175010681,,,,,1,,step,4,2e-05,8,2,3,,,
,0.44758835434913635,,,2,0.0,2.6673078536987305e-06,,1,2,eval,4,2e-05,,2,,0.564453125,0.6766261458396912,512
4,,0.7011963129043579,0.8510788083076477,,,,,1,,step,5,2e-05,8,2,4,,,
4,,0.7553199231624603,0.659561038017273,,,,,1,,step,6,2e-05,8,2,5,,,
,0.7553199231624603,,,2,0.0,2.6673078536987305e-06,,1,2,eval,6,2e-05,,2,,0.564453125,0.6766288131475449,512
4,,0.5337868928909302,0.4080127477645874,,,,,1,,step,7,2e-05,8,2,6,,,
4,,0.4761428236961365,0.5442728996276855,,,,,1,,step,8,2e-05,8,2,7,,,
,0.4761428236961365,,,2,0.0,-8.642673492431641e-07,,1,2,eval,8,2e-05,,2,,0.564453125,0.6766279488801956,512
4,,0.6053911447525024,0.6665093898773193,,,,,1,,step,9,2e-05,8,2,8,,,
4,,0.5856708884239197,0.50483238697052,,,,,1,,step,10,2e-05,8,2,9,,,
,0.5856708884239197,,,2,0.001953125,-3.2186508178710938e-06,,1,2,eval,10,2e-05,,2,,0.56640625,0.6766247302293777,512
4,,0.3921266794204712,0.27942097187042236,,,,,1,,step,11,2e-05,8,2,10,,,
4,,0.35230645537376404,0.4251919388771057,,,,,1,,step,12,2e-05,8,2,11,,,
,0.35230645537376404,,,2,0.0,-1.4290213584899902e-05,,1,2,eval,12,2e-05,,2,,0.56640625,0.6766104400157928,512
4,,0.6112815141677856,0.7973710894584656,,,,,1,,step,13,2e-05,8,2,12,,,
4,,0.6647583246231079,0.5321455597877502,,,,,1,,step,14,2e-05,8,2,13,,,
,0.6647583246231079,,,2,-0.001953125,-1.806020736694336e-05,,1,2,eval,14,2e-05,,2,,0.564453125,0.6765923798084259,512
4,,0.45102110505104065,0.36989665031433105,,,,,1,,step,15,2e-05,8,2,14,,,
4,,0.23399677872657776,0.09809690713882446,,,,,1,,step,16,2e-05,8,2,15,,,
,0.23399677872657776,,,2,0.001953125,-4.678964614868164e-06,,1,2,eval,16,2e-05,,2,,0.56640625,0.676587700843811,512
4,,0.10072389245033264,0.10335087776184082,,,,,1,,step,17,2e-05,8,2,16,,,
4,,0.40611302852630615,0.7088751792907715,,,,,1,,step,18,2e-05,8,2,17,,,
,0.40611302852630615,,,2,0.0,2.205371856689453e-06,,1,2,eval,18,2e-05,,2,,0.56640625,0.6765899062156677,512
4,,0.569055825471878,0.4292364716529846,,,,,1,,step,19,2e-05,8,2,18,,,
4,,0.23566603660583496,0.0420956015586853,,,,,1,,step,20,2e-05,8,2,19,,,
,0.23566603660583496,,,2,0.0,-5.662441253662109e-06,,1,2,eval,20,2e-05,,2,,0.56640625,0.6765842437744141,512
4,,0.38342520594596863,0.724754810333252,,,,,1,,step,21,2e-05,8,2,20,,,
4,,0.40900465846061707,0.09325450658798218,,,,,1,,step,22,2e-05,8,2,21,,,
,0.40900465846061707,,,2,0.0,5.424022674560547e-06,,1,2,eval,22,2e-05,,2,,0.56640625,0.6765896677970886,512
4,,0.10175243020057678,0.11025035381317139,,,,,1,,step,23,2e-05,8,2,22,,,
4,,0.08856195211410522,0.06687355041503906,,,,,1,,step,24,2e-05,8,2,23,,,
,0.08856195211410522,,,2,-0.001953125,9.909272193908691e-06,,1,2,eval,24,2e-05,,2,,0.564453125,0.6765995770692825,512
4,,0.28886377811431885,0.5108540058135986,,,,,1,,step,25,2e-05,8,2,24,,,
4,,0.4652130603790283,0.419572114944458,,,,,1,,step,26,2e-05,8,2,25,,,
,0.4652130603790283,,,2,0.0,5.558133125305176e-06,,1,2,eval,26,2e-05,,2,,0.564453125,0.6766051352024078,512
4,,0.44104233384132385,0.4625125527381897,,,,,1,,step,27,2e-05,8,2,26,,,
4,,0.5770581662654877,0.6916037797927856,,,,,1,,step,28,2e-05,8,2,27,,,
,0.5770581662654877,,,2,0.0,-8.255243301391602e-06,,1,2,eval,28,2e-05,,2,,0.564453125,0.6765968799591064,512
4,,0.5018433928489685,0.31208300590515137,,,,,1,,step,29,2e-05,8,2,28,,,
4,,0.33109650015830994,0.3501099944114685,,,,,1,,step,30,2e-05,8,2,29,,,
,0.33109650015830994,,,2,0.0,-2.5406479835510254e-05,,1,2,eval,30,2e-05,,2,,0.564453125,0.6765714734792709,512
4,,0.35939401388168335,0.3686780333518982,,,,,1,,step,31,2e-05,8,2,30,,,
4,,0.24661162495613098,0.12454521656036377,,,,,1,,step,32,2e-05,8,2,31,,,
,0.24661162495613098,,,2,-0.001953125,-1.1578202247619629e-05,,1,2,eval,32,2e-05,,2,,0.5625,0.6765598952770233,512
4,,0.20957723259925842,0.2946092486381531,,,,,1,,step,33,2e-05,8,2,32,,,
4,,0.3979916274547577,0.5013740062713623,,,,,1,,step,34,2e-05,8,2,33,,,
,0.3979916274547577,,,2,0.0,-1.3276934623718262e-05,,1,2,eval,34,2e-05,,2,,0.5625,0.6765466183423996,512
4,,0.42763105034828186,0.3538880944252014,,,,,1,,step,35,2e-05,8,2,34,,,
4,,0.5632773637771606,0.7726666331291199,,,,,1,,step,36,2e-05,8,2,35,,,
,0.5632773637771606,,,2,0.0,-1.1101365089416504e-05,,1,2,eval,36,2e-05,,2,,0.5625,0.6765355169773102,512
4,,0.5197090208530426,0.26675140857696533,,,,,1,,step,37,2e-05,8,2,36,,,
4,,0.15466222167015076,0.04257303476333618,,,,,1,,step,38,2e-05,8,2,37,,,
,0.15466222167015076,,,2,0.0,-2.1770596504211426e-05,,1,2,eval,38,2e-05,,2,,0.5625,0.676513746380806,512
4,,0.08542829751968384,0.1282835602760315,,,,,1,,step,39,2e-05,8,2,38,,,
4,,0.23418313264846802,0.34008270502090454,,,,,1,,step,40,2e-05,8,2,39,,,
,0.23418313264846802,,,2,0.001953125,2.0995736122131348e-05,,1,2,eval,40,2e-05,,2,,0.564453125,0.6765347421169281,512
4,,0.3907850682735443,0.4414874315261841,,,,,1,,step,41,2e-05,8,2,40,,,
4,,0.6231332421302795,0.804779052734375,,,,,1,,step,42,2e-05,8,2,41,,,
,0.6231332421302795,,,2,0.0,1.780688762664795e-05,,1,2,eval,42,2e-05,,2,,0.564453125,0.6765525490045547,512
4,,0.4076915383338928,0.010604023933410645,,,,,1,,step,43,2e-05,8,2,42,,,
4,,0.183487206697464,0.35637038946151733,,,,,1,,step,44,2e-05,8,2,43,,,
,0.183487206697464,,,2,0.0,3.4362077713012695e-05,,1,2,eval,44,2e-05,,2,,0.564453125,0.6765869110822678,512
4,,0.5137953460216522,0.6712203025817871,,,,,1,,step,45,2e-05,8,2,44,,,
4,,0.4608202278614044,0.25042015314102173,,,,,1,,step,46,2e-05,8,2,45,,,
,0.4608202278614044,,,2,0.0,1.5243887901306152e-05,,1,2,eval,46,2e-05,,2,,0.564453125,0.6766021549701691,512
4,,0.2804553210735321,0.3104904890060425,,,,,1,,step,47,2e-05,8,2,46,,,
4,,0.50186488032341,0.6932392716407776,,,,,1,,step,48,2e-05,8,2,47,,,
,0.50186488032341,,,2,0.0,1.2367963790893555e-06,,1,2,eval,48,2e-05,,2,,0.564453125,0.6766033917665482,512
4,,0.7051325738430023,0.717025876045227,,,,,1,,step,49,2e-05,8,2,48,,,
4,,0.6256921887397766,0.5343585014343262,,,,,1,,step,50,2e-05,8,2,49,,,
,0.6256921887397766,,,2,0.0,-1.2636184692382812e-05,,1,2,eval,50,2e-05,,2,,0.564453125,0.6765907555818558,512
4,,0.3006976246833801,0.06703674793243408,,,,,1,,step,51,2e-05,8,2,50,,,
4,,0.25612393021583557,0.44521111249923706,,,,,1,,step,52,2e-05,8,2,51,,,
,0.25612393021583557,,,2,0.0,-3.8996338844299316e-05,,1,2,eval,52,2e-05,,2,,0.564453125,0.6765517592430115,512
4,,0.6101568043231964,0.7751024961471558,,,,,1,,step,53,2e-05,8,2,52,,,
4,,0.41467660665512085,0.05425071716308594,,,,,1,,step,54,2e-05,8,2,53,,,
,0.41467660665512085,,,2,0.0,-2.333521842956543e-05,,1,2,eval,54,2e-05,,2,,0.564453125,0.6765284240245819,512
4,,0.18948593735694885,0.32472115755081177,,,,,1,,step,55,2e-05,8,2,54,,,
4,,0.34280142188072205,0.3608816862106323,,,,,1,,step,56,2e-05,8,2,55,,,
,0.34280142188072205,,,2,0.001953125,1.4841556549072266e-05,,1,2,eval,56,2e-05,,2,,0.56640625,0.676543265581131,512
4,,0.5157911777496338,0.6707006692886353,,,,,1,,step,57,2e-05,8,2,56,,,
4,,0.7456019222736359,0.8205031752586365,,,,,1,,step,58,2e-05,8,2,57,,,
,0.7456019222736359,,,2,0.0,1.2829899787902832e-05,,1,2,eval,58,2e-05,,2,,0.56640625,0.6765560954809189,512
4,,0.7118919193744659,0.6032806634902954,,,,,1,,step,59,2e-05,8,2,58,,,
4,,0.6745290458202362,0.745777428150177,,,,,1,,step,60,2e-05,8,2,59,,,
,0.6745290458202362,,,2,-0.001953125,-1.150369644165039e-05,,1,2,eval,60,2e-05,,2,,0.564453125,0.6765445917844772,512
4,,0.7997188866138458,0.8536603450775146,,,,,1,,step,61,2e-05,8,2,60,,,
4,,0.4858679473400116,0.11807554960250854,,,,,1,,step,62,2e-05,8,2,61,,,
,0.4858679473400116,,,2,0.0,-3.507733345031738e-05,,1,2,eval,62,2e-05,,2,,0.564453125,0.6765095144510269,512
4,,0.3447193205356598,0.571363091468811,,,,,1,,step,63,2e-05,8,2,62,,,
4,,0.5430008172988892,0.5146385431289673,,,,,1,,step,64,2e-05,8,2,63,,,
,0.5430008172988892,,,2,0.0,-6.125867366790771e-05,,1,2,eval,64,2e-05,,2,,0.564453125,0.676448255777359,512
4,,0.6241012811660767,0.733564019203186,,,,,1,,step,65,2e-05,8,2,64,,,
4,,0.41281184554100037,0.0920596718788147,,,,,1,,step,66,2e-05,8,2,65,,,
,0.41281184554100037,,,2,0.0,-4.400312900543213e-05,,1,2,eval,66,2e-05,,2,,0.564453125,0.6764042526483536,512
4,,0.2836740016937256,0.4752883315086365,,,,,1,,step,67,2e-05,8,2,66,,,
4,,0.5680433809757233,0.6607984304428101,,,,,1,,step,68,2e-05,8,2,67,,,
,0.5680433809757233,,,2,0.0,-2.7120113372802734e-06,,1,2,eval,68,2e-05,,2,,0.564453125,0.6764015406370163,512
4,,0.5834563374519348,0.5061142444610596,,,,,1,,step,69,2e-05,8,2,68,,,
4,,0.5731638967990875,0.6402135491371155,,,,,1,,step,70,2e-05,8,2,69,,,
,0.5731638967990875,,,2,0.0,8.702278137207031e-06,,1,2,eval,70,2e-05,,2,,0.564453125,0.6764102429151535,512
4,,0.5605573952198029,0.48090124130249023,,,,,1,,step,71,2e-05,8,2,70,,,
4,,0.496582567691803,0.5122638940811157,,,,,1,,step,72,2e-05,8,2,71,,,
,0.496582567691803,,,2,0.0,3.3214688301086426e-05,,1,2,eval,72,2e-05,,2,,0.564453125,0.6764434576034546,512
4,,0.28433793783187866,0.0564119815826416,,,,,1,,step,73,2e-05,8,2,72,,,
4,,0.39762985706329346,0.7388477325439453,,,,,1,,step,74,2e-05,8,2,73,,,
,0.39762985706329346,,,2,-0.001953125,9.927153587341309e-05,,1,2,eval,74,2e-05,,2,,0.5625,0.676542729139328,512
4,,0.48978742957115173,0.24072712659835815,,,,,1,,step,75,2e-05,8,2,74,,,
4,,0.43251943588256836,0.6243117451667786,,,,,1,,step,76,2e-05,8,2,75,,,
,0.43251943588256836,,,2,-0.0078125,9.979307651519775e-05,,1,2,eval,76,2e-05,,2,,0.5546875,0.6766425222158432,512
4,,0.5127353966236115,0.40115904808044434,,,,,1,,step,77,2e-05,8,2,76,,,
4,,0.23338857293128967,0.06561809778213501,,,,,1,,step,78,2e-05,8,2,77,,,
,0.23338857293128967,,,2,0.0,2.6106834411621094e-05,,1,2,eval,78,2e-05,,2,,0.5546875,0.6766686290502548,512
4,,0.3267790675163269,0.5879400372505188,,,,,1,,step,79,2e-05,8,2,78,,,
4,,0.4119441509246826,0.23594826459884644,,,,,1,,step,80,2e-05,8,2,79,,,
,0.4119441509246826,,,2,0.0,1.8477439880371094e-06,,1,2,eval,80,2e-05,,2,,0.5546875,0.6766704767942429,512
4,,0.13916093111038208,0.042373597621917725,,,,,1,,step,81,2e-05,8,2,80,,,
4,,0.2260698676109314,0.40976613759994507,,,,,1,,step,82,2e-05,8,2,81,,,
,0.2260698676109314,,,2,0.0,8.14199447631836e-05,,1,2,eval,82,2e-05,,2,,0.5546875,0.676751896739006,512
4,,0.5744293034076691,0.7390924692153931,,,,,1,,step,83,2e-05,8,2,82,,,
4,,0.7661311030387878,0.7931697368621826,,,,,1,,step,84,2e-05,8,2,83,,,
,0.7661311030387878,,,2,0.0,6.824731826782227e-05,,1,2,eval,84,2e-05,,2,,0.5546875,0.6768201440572739,512
4,,0.7072629928588867,0.6213562488555908,,,,,1,,step,85,2e-05,8,2,84,,,
4,,0.5347013175487518,0.44804638624191284,,,,,1,,step,86,2e-05,8,2,85,,,
,0.5347013175487518,,,2,0.0,2.7135014533996582e-05,,1,2,eval,86,2e-05,,2,,0.5546875,0.6768472790718079,512
4,,0.34195786714553833,0.23586934804916382,,,,,1,,step,87,2e-05,8,2,86,,,
4,,0.5023806989192963,0.7688920497894287,,,,,1,,step,88,2e-05,8,2,87,,,
,0.5023806989192963,,,2,0.001953125,5.863606929779053e-05,,1,2,eval,88,2e-05,,2,,0.556640625,0.6769059151411057,512
4,,0.5320413708686829,0.295190691947937,,,,,1,,step,89,2e-05,8,2,88,,,
4,,0.3280559182167053,0.36092114448547363,,,,,1,,step,90,2e-05,8,2,89,,,
,0.3280559182167053,,,2,-0.001953125,6.058812141418457e-05,,1,2,eval,90,2e-05,,2,,0.5546875,0.6769665032625198,512
4,,0.3042956292629242,0.24767011404037476,,,,,1,,step,91,2e-05,8,2,90,,,
4,,0.5153768360614777,0.7830835580825806,,,,,1,,step,92,2e-05,8,2,91,,,
,0.5153768360614777,,,2,-0.001953125,9.204447269439697e-05,,1,2,eval,92,2e-05,,2,,0.552734375,0.6770585477352142,512
4,,0.7260767817497253,0.6690700054168701,,,,,1,,step,93,2e-05,8,2,92,,,
4,,0.39317843317985535,0.11728686094284058,,,,,1,,step,94,2e-05,8,2,93,,,
,0.39317843317985535,,,2,-0.001953125,0.00013238191604614258,,1,2,eval,94,2e-05,,2,,0.55078125,0.6771909296512604,512
4,,0.31230804324150085,0.5073292255401611,,,,,1,,step,95,2e-05,8,2,94,,,
4,,0.48524197936058044,0.46315473318099976,,,,,1,,step,96,2e-05,8,2,95,,,
,0.48524197936058044,,,2,-0.001953125,8.311867713928223e-05,,1,2,eval,96,2e-05,,2,,0.548828125,0.6772740483283997,512
4,,0.36907944083213806,0.27500414848327637,,,,,1,,step,97,2e-05,8,2,96,,,
4,,0.5320426821708679,0.7890812158584595,,,,,1,,step,98,2e-05,8,2,97,,,
,0.5320426821708679,,,2,0.0,6.702542304992676e-05,,1,2,eval,98,2e-05,,2,,0.548828125,0.6773410737514496,512
4,,0.5794285535812378,0.3697758913040161,,,,,1,,step,99,2e-05,8,2,98,,,
4,,0.44757652282714844,0.5253771543502808,,,,,1,,step,100,2e-05,8,2,99,,,
,0.44757652282714844,,,2,-0.001953125,5.0395727157592773e-05,,1,2,eval,100,2e-05,,2,,0.546875,0.6773914694786072,512
4,,0.6592778861522675,0.7931786179542542,,,,,1,,step,101,2e-05,8,2,100,,,
4,,0.8154036104679108,0.8376286029815674,,,,,1,,step,102,2e-05,8,2,101,,,
,0.8154036104679108,,,2,0.0,1.3142824172973633e-05,,1,2,eval,102,2e-05,,2,,0.546875,0.6774046123027802,512
4,,0.6403110027313232,0.4429934024810791,,,,,1,,step,103,2e-05,8,2,102,,,
4,,0.4032224118709564,0.36345142126083374,,,,,1,,step,104,2e-05,8,2,103,,,
,0.4032224118709564,,,2,0.0,-4.6372413635253906e-05,,1,2,eval,104,2e-05,,2,,0.546875,0.6773582398891449,512
4,,0.424853652715683,0.4862558841705322,,,,,1,,step,105,2e-05,8,2,104,,,
4,,0.5646442174911499,0.6430325508117676,,,,,1,,step,106,2e-05,8,2,105,,,
,0.5646442174911499,,,2,0.001953125,-9.480118751525879e-05,,1,2,eval,106,2e-05,,2,,0.548828125,0.6772634387016296,512
4,,0.5622178614139557,0.4814031720161438,,,,,1,,step,107,2e-05,8,2,106,,,
4,,0.4617212414741516,0.4420393109321594,,,,,1,,step,108,2e-05,8,2,107,,,
,0.4617212414741516,,,2,0.0,-2.9966235160827637e-05,,1,2,eval,108,2e-05,,2,,0.548828125,0.6772334724664688,512
4,,0.42003118991851807,0.3980230689048767,,,,,1,,step,109,2e-05,8,2,108,,,
4,,0.34438779950141907,0.2907525300979614,,,,,1,,step,110,2e-05,8,2,109,,,
,0.34438779950141907,,,2,0.001953125,-1.1846423149108887e-05,,1,2,eval,110,2e-05,,2,,0.55078125,0.6772216260433197,512
4,,0.30064496397972107,0.3105373978614807,,,,,1,,step,111,2e-05,8,2,110,,,
4,,0.5378554165363312,0.7651734352111816,,,,,1,,step,112,2e-05,8,2,111,,,
,0.5378554165363312,,,2,0.0,-2.6747584342956543e-05,,1,2,eval,112,2e-05,,2,,0.55078125,0.6771948784589767,512
4,,0.616642415523529,0.46811139583587646,,,,,1,,step,113,2e-05,8,2,112,,,
4,,0.4556705057621002,0.443229615688324,,,,,1,,step,114,2e-05,8,2,113,,,
,0.4556705057621002,,,2,0.0,-6.394088268280029e-05,,1,2,eval,114,2e-05,,2,,0.55078125,0.677130937576294,512
4,,0.5514326095581055,0.659635603427887,,,,,1,,step,115,2e-05,8,2,114,,,
4,,0.49710336327552795,0.33457112312316895,,,,,1,,step,116,2e-05,8,2,115,,,
,0.49710336327552795,,,2,0.0,-1.990795135498047e-05,,1,2,eval,116,2e-05,,2,,0.55078125,0.677111029624939,512
4,,0.4110463261604309,0.48752152919769287,,,,,1,,step,117,2e-05,8,2,116,,,
4,,0.39416635036468506,0.30081117153167725,,,,,1,,step,118,2e-05,8,2,117,,,
,0.39416635036468506,,,2,0.0,8.071959018707275e-05,,1,2,eval,118,2e-05,,2,,0.55078125,0.677191749215126,512
4,,0.5187619924545288,0.7367128133773804,,,,,1,,step,119,2e-05,8,2,118,,,
4,,0.5747359395027161,0.41275906562805176,,,,,1,,step,120,2e-05,8,2,119,,,
,0.5747359395027161,,,2,0.0,0.0001376420259475708,,1,2,eval,120,2e-05,,2,,0.55078125,0.6773293912410736,512
4,,0.5807769298553467,0.7487947940826416,,,,,1,,step,121,2e-05,8,2,120,,,
4,,0.7302139401435852,0.7116330862045288,,,,,1,,step,122,2e-05,8,2,121,,,
,0.7302139401435852,,,2,0.0,8.410215377807617e-05,,1,2,eval,122,2e-05,,2,,0.55078125,0.6774134933948517,512
4,,0.6403646469116211,0.5690962076187134,,,,,1,,step,123,2e-05,8,2,122,,,
4,,0.5277520716190338,0.48640793561935425,,,,,1,,step,124,2e-05,8,2,123,,,
,0.5277520716190338,,,2,0.0,5.8010220527648926e-05,,1,2,eval,124,2e-05,,2,,0.55078125,0.6774715036153793,512
4,,0.42381489276885986,0.3612218499183655,,,,,1,,step,125,2e-05,8,2,124,,,
4,,0.3812069296836853,0.4011920094490051,,,,,1,,step,126,2e-05,8,2,125,,,
,0.3812069296836853,,,2,0.0,-9.122490882873535e-05,,1,2,eval,126,2e-05,,2,,0.55078125,0.6773802787065506,512
4,,0.2870328724384308,0.17287373542785645,,,,,1,,step,127,2e-05,8,2,126,,,
4,,0.5471533536911011,0.9214329719543457,,,,,1,,step,128,2e-05,8,2,127,,,
,0.5471533536911011,,,2,0.0,-0.00022511184215545654,,1,2,eval,128,2e-05,,2,,0.55078125,0.6771551668643951,512
4,,0.7319011092185974,0.5423692464828491,,,,,1,,step,129,2e-05,8,2,128,,,
4,,0.5987696349620819,0.6551700234413147,,,,,1,,step,130,2e-05,8,2,129,,,
,0.5987696349620819,,,2,0.0,-0.00016289949417114258,,1,2,eval,130,2e-05,,2,,0.55078125,0.676992267370224,512
4,,0.7614983022212982,0.8678265810012817,,,,,1,,step,131,2e-05,8,2,130,,,
4,,0.64542156457901,0.4230165481567383,,,,,1,,step,132,2e-05,8,2,131,,,
,0.64542156457901,,,2,0.0,-0.00013384222984313965,,1,2,eval,132,2e-05,,2,,0.55078125,0.6768584251403809,512
4,,0.27881401777267456,0.13461148738861084,,,,,1,,step,133,2e-05,8,2,132,,,
4,,0.22010231018066406,0.3055931329727173,,,,,1,,step,134,2e-05,8,2,133,,,
,0.22010231018066406,,,2,0.0,-0.00012162327766418457,,1,2,eval,134,2e-05,,2,,0.55078125,0.6767368018627167,512
4,,0.4275963306427002,0.5495995283126831,,,,,1,,step,135,2e-05,8,2,134,,,
4,,0.5971704125404358,0.6447412967681885,,,,,1,,step,136,2e-05,8,2,135,,,
,0.5971704125404358,,,2,0.0,-4.895031452178955e-05,,1,2,eval,136,2e-05,,2,,0.55078125,0.6766878515481949,512
4,,0.5838248431682587,0.5229083895683289,,,,,1,,step,137,2e-05,8,2,136,,,
4,,0.6475546658039093,0.7722009420394897,,,,,1,,step,138,2e-05,8,2,137,,,
,0.6475546658039093,,,2,0.0,-1.399219036102295e-05,,1,2,eval,138,2e-05,,2,,0.55078125,0.6766738593578339,512
4,,0.5721302628517151,0.37205958366394043,,,,,1,,step,139,2e-05,8,2,138,,,
4,,0.22371834516525269,0.07537710666656494,,,,,1,,step,140,2e-05,8,2,139,,,
,0.22371834516525269,,,2,0.0,-0.0002969801425933838,,1,2,eval,140,2e-05,,2,,0.55078125,0.6763768792152405,512
4,,0.3098301291465759,0.5442831516265869,,,,,1,,step,141,2e-05,8,2,140,,,
4,,0.5892224907875061,0.6341618299484253,,,,,1,,step,142,2e-05,8,2,141,,,
,0.5892224907875061,,,2,0.0,-0.00021189451217651367,,1,2,eval,142,2e-05,,2,,0.55078125,0.676164984703064,512
4,,0.6253829896450043,0.6166041493415833,,,,,1,,step,143,2e-05,8,2,142,,,
4,,0.5194916129112244,0.4223790764808655,,,,,1,,step,144,2e-05,8,2,143,,,
,0.5194916129112244,,,2,0.0,-8.974969387054443e-05,,1,2,eval,144,2e-05,,2,,0.55078125,0.6760752350091934,512
4,,0.4880947768688202,0.5538104772567749,,,,,1,,step,145,2e-05,8,2,144,,,
4,,0.5272601842880249,0.5007098913192749,,,,,1,,step,146,2e-05,8,2,145,,,
,0.5272601842880249,,,2,0.0,-9.238719940185547e-05,,1,2,eval,146,2e-05,,2,,0.55078125,0.6759828478097916,512
4,,0.3613605797290802,0.2220112681388855,,,,,1,,step,147,2e-05,8,2,146,,,
4,,0.3343001902103424,0.4465891122817993,,,,,1,,step,148,2e-05,8,2,147,,,
,0.3343001902103424,,,2,0.0,5.964934825897217e-05,,1,2,eval,148,2e-05,,2,,0.55078125,0.6760424971580505,512
4,,0.5796564817428589,0.7127238512039185,,,,,1,,step,149,2e-05,8,2,148,,,
4,,0.6700376868247986,0.6273515224456787,,,,,1,,step,150,2e-05,8,2,149,,,
,0.6700376868247986,,,2,0.0,-8.791685104370117e-06,,1,2,eval,150,2e-05,,2,,0.55078125,0.6760337054729462,512
4,,0.39485207200050354,0.16235262155532837,,,,,1,,step,151,2e-05,8,2,150,,,
4,,0.18069371581077576,0.19903481006622314,,,,,1,,step,152,2e-05,8,2,151,,,
,0.18069371581077576,,,2,0.0,-0.00023855268955230713,,1,2,eval,152,2e-05,,2,,0.55078125,0.6757951527833939,512
4,,0.30019789934158325,0.40136098861694336,,,,,1,,step,153,2e-05,8,2,152,,,
4,,0.23824971914291382,0.07513844966888428,,,,,1,,step,154,2e-05,8,2,153,,,
,0.23824971914291382,,,2,0.0,-0.00028611719608306885,,1,2,eval,154,2e-05,,2,,0.55078125,0.6755090355873108,512
4,,0.3372747302055359,0.5994110107421875,,,,,1,,step,155,2e-05,8,2,154,,,
4,,0.6774507164955139,0.7554904222488403,,,,,1,,step,156,2e-05,8,2,155,,,
,0.6774507164955139,,,2,0.0,-0.0004589855670928955,,1,2,eval,156,2e-05,,2,,0.55078125,0.6750500500202179,512
4,,0.6180233061313629,0.4805561900138855,,,,,1,,step,157,2e-05,8,2,156,,,
4,,0.5522172152996063,0.6238782405853271,,,,,1,,step,158,2e-05,8,2,157,,,
,0.5522172152996063,,,2,0.0,-0.0005470812320709229,,1,2,eval,158,2e-05,,2,,0.55078125,0.674502968788147,512
4,,0.4612666666507721,0.29865509271621704,,,,,1,,step,159,2e-05,8,2,158,,,
4,,0.36838990449905396,0.43812471628189087,,,,,1,,step,160,2e-05,8,2,159,,,
,0.36838990449905396,,,2,0.0,-0.0006928443908691406,,1,2,eval,160,2e-05,,2,,0.55078125,0.6738101243972778,512
4,,0.5800367891788483,0.7219488620758057,,,,,1,,step,161,2e-05,8,2,160,,,
4,,0.6952208578586578,0.66849285364151,,,,,1,,step,162,2e-05,8,2,161,,,
,0.6952208578586578,,,2,0.00390625,-0.0006552785634994507,,1,2,eval,162,2e-05,,2,,0.5546875,0.6731548458337784,512
4,,0.6957853138446808,0.7230777740478516,,,,,1,,step,163,2e-05,8,2,162,,,
4,,0.6636266112327576,0.6041754484176636,,,,,1,,step,164,2e-05,8,2,163,,,
,0.6636266112327576,,,2,-0.001953125,-0.0005268901586532593,,1,2,eval,164,2e-05,,2,,0.552734375,0.6726279556751251,512
4,,0.7084510922431946,0.8127267360687256,,,,,1,,step,165,2e-05,8,2,164,,,
4,,0.8374271988868713,0.8621276617050171,,,,,1,,step,166,2e-05,8,2,165,,,
,0.8374271988868713,,,2,0.0,-0.00042654573917388916,,1,2,eval,166,2e-05,,2,,0.552734375,0.6722014099359512,512
4,,0.7607575058937073,0.6593873500823975,,,,,1,,step,167,2e-05,8,2,166,,,
4,,0.5522823631763458,0.4451773762702942,,,,,1,,step,168,2e-05,8,2,167,,,
,0.5522823631763458,,,2,0.0,-0.00047773122787475586,,1,2,eval,168,2e-05,,2,,0.552734375,0.6717236787080765,512
4,,0.2721439599990845,0.09911054372787476,,,,,1,,step,169,2e-05,8,2,168,,,
4,,0.4124926030635834,0.725874662399292,,,,,1,,step,170,2e-05,8,2,169,,,
,0.4124926030635834,,,2,0.005859375,-0.0004009753465652466,,1,2,eval,170,2e-05,,2,,0.55859375,0.6713227033615112,512
4,,0.4549652636051178,0.1840558648109436,,,,,1,,step,171,2e-05,8,2,170,,,
4,,0.215643972158432,0.2472320795059204,,,,,1,,step,172,2e-05,8,2,171,,,
,0.215643972158432,,,2,0.0,-0.00014771521091461182,,1,2,eval,172,2e-05,,2,,0.55859375,0.6711749881505966,512
4,,0.2280917763710022,0.20895147323608398,,,,,1,,step,173,2e-05,8,2,172,,,
4,,0.5199009776115417,0.8308504819869995,,,,,1,,step,174,2e-05,8,2,173,,,
,0.5199009776115417,,,2,-0.005859375,4.976987838745117e-05,,1,2,eval,174,2e-05,,2,,0.552734375,0.6712247580289841,512
4,,0.7596228718757629,0.6883952617645264,,,,,1,,step,175,2e-05,8,2,174,,,
4,,0.7663201093673706,0.8442449569702148,,,,,1,,step,176,2e-05,8,2,175,,,
,0.7663201093673706,,,2,0.0,-2.03549861907959e-05,,1,2,eval,176,2e-05,,2,,0.552734375,0.6712044030427933,512
4,,0.8703530430793762,0.8964611291885376,,,,,1,,step,177,2e-05,8,2,176,,,
4,,0.4829295575618744,0.06939798593521118,,,,,1,,step,178,2e-05,8,2,177,,,
,0.4829295575618744,,,2,0.0,3.100931644439697e-05,,1,2,eval,178,2e-05,,2,,0.552734375,0.6712354123592377,512
4,,0.27640295028686523,0.4834079146385193,,,,,1,,step,179,2e-05,8,2,178,,,
4,,0.6981243789196014,0.9128408432006836,,,,,1,,step,180,2e-05,8,2,179,,,
,0.6981243789196014,,,2,0.001953125,0.00023260712623596191,,1,2,eval,180,2e-05,,2,,0.5546875,0.6714680194854736,512
4,,0.6575124859809875,0.4021841287612915,,,,,1,,step,181,2e-05,8,2,180,,,
4,,0.5998277962207794,0.7974714636802673,,,,,1,,step,182,2e-05,8,2,181,,,
,0.5998277962207794,,,2,0.0,2.333521842956543e-05,,1,2,eval,182,2e-05,,2,,0.5546875,0.6714913547039032,512
4,,0.4358508884906769,0.07423031330108643,,,,,1,,step,183,2e-05,8,2,182,,,
4,,0.4772156774997711,0.8802010416984558,,,,,1,,step,184,2e-05,8,2,183,,,
,0.4772156774997711,,,2,0.0,-0.00025591254234313965,,1,2,eval,184,2e-05,,2,,0.5546875,0.6712354421615601,512
4,,0.45408105850219727,0.02796107530593872,,,,,1,,step,185,2e-05,8,2,184,,,
4,,0.2436148226261139,0.45926856994628906,,,,,1,,step,186,2e-05,8,2,185,,,
,0.2436148226261139,,,2,0.0,-8.612871170043945e-06,,1,2,eval,186,2e-05,,2,,0.5546875,0.67122682929039,512
4,,0.34196773171424866,0.22466689348220825,,,,,1,,step,187,2e-05,8,2,186,,,
4,,0.40242817997932434,0.5801894664764404,,,,,1,,step,188,2e-05,8,2,187,,,
,0.40242817997932434,,,2,0.0,-0.00019621849060058594,,1,2,eval,188,2e-05,,2,,0.5546875,0.6710306107997894,512
4,,0.7011642456054688,0.8221390247344971,,,,,1,,step,189,2e-05,8,2,188,,,
4,,0.6935806572437286,0.5650222897529602,,,,,1,,step,190,2e-05,8,2,189,,,
,0.6935806572437286,,,2,0.0,-0.00023704767227172852,,1,2,eval,190,2e-05,,2,,0.5546875,0.6707935631275177,512
4,,0.581884115934372,0.5987459421157837,,,,,1,,step,191,2e-05,8,2,190,,,
4,,0.5416088998317719,0.48447185754776,,,,,1,,step,192,2e-05,8,2,191,,,
,0.5416088998317719,,,2,0.0,-0.0003706216812133789,,1,2,eval,192,2e-05,,2,,0.5546875,0.6704229414463043,512
4,,0.288525253534317,0.09257864952087402,,,,,1,,step,193,2e-05,8,2,192,,,
4,,0.1219056248664856,0.15123260021209717,,,,,1,,step,194,2e-05,8,2,193,,,
,0.1219056248664856,,,2,0.0,-0.0004448145627975464,,1,2,eval,194,2e-05,,2,,0.5546875,0.6699781268835068,512
4,,0.3316735327243805,0.5121144652366638,,,,,1,,step,195,2e-05,8,2,194,,,
4,,0.6010021865367889,0.6898899078369141,,,,,1,,step,196,2e-05,8,2,195,,,
,0.6010021865367889,,,2,0.0,-0.0002647191286087036,,1,2,eval,196,2e-05,,2,,0.5546875,0.6697134077548981,512
4,,0.5590098202228546,0.42812973260879517,,,,,1,,step,197,2e-05,8,2,196,,,
4,,0.5462878048419952,0.6644458770751953,,,,,1,,step,198,2e-05,8,2,197,,,
,0.5462878048419952,,,2,0.0,-0.00017155706882476807,,1,2,eval,198,2e-05,,2,,0.5546875,0.6695418506860733,512
4,,0.4146064519882202,0.16476702690124512,,,,,1,,step,199,2e-05,8,2,198,,,
4,,0.42904239892959595,0.6933177709579468,,,,,1,,step,200,2e-05,8,2,199,,,
,0.42904239892959595,,,2,0.0,-0.00010094046592712402,,1,2,eval,200,2e-05,,2,,0.5546875,0.6694409102201462,512
4,,0.5184574723243713,0.3435971736907959,,,,,1,,step,201,2e-05,8,2,200,,,
4,,0.25096604228019714,0.1583349108695984,,,,,1,,step,202,2e-05,8,2,201,,,
,0.25096604228019714,,,2,0.0,-0.00017188489437103271,,1,2,eval,202,2e-05,,2,,0.5546875,0.6692690253257751,512
4,,0.4641888439655304,0.7700427770614624,,,,,1,,step,203,2e-05,8,2,202,,,
4,,0.5625753402709961,0.3551079034805298,,,,,1,,step,204,2e-05,8,2,203,,,
,0.5625753402709961,,,2,0.0,-0.00046907365322113037,,1,2,eval,204,2e-05,,2,,0.5546875,0.668799951672554,512
4,,0.4099363088607788,0.46476471424102783,,,,,1,,step,205,2e-05,8,2,204,,,
4,,0.5487452745437622,0.6327258348464966,,,,,1,,step,206,2e-05,8,2,205,,,
,0.5487452745437622,,,2,0.0,-0.000786319375038147,,1,2,eval,206,2e-05,,2,,0.5546875,0.6680136322975159,512
4,,0.7360348105430603,0.839343786239624,,,,,1,,step,207,2e-05,8,2,206,,,
4,,0.5754879713058472,0.3116321563720703,,,,,1,,step,208,2e-05,8,2,207,,,
,0.5754879713058472,,,2,0.0,-0.0008034855127334595,,1,2,eval,208,2e-05,,2,,0.5546875,0.6672101467847824,512
4,,0.29819756746292114,0.284762978553772,,,,,1,,step,209,2e-05,8,2,208,,,
4,,0.2906884253025055,0.296613872051239,,,,,1,,step,210,2e-05,8,2,209,,,
,0.2906884253025055,,,2,0.001953125,-0.0009279400110244751,,1,2,eval,210,2e-05,,2,,0.556640625,0.6662822067737579,512
4,,0.5010922253131866,0.7055705785751343,,,,,1,,step,211,2e-05,8,2,210,,,
4,,0.5048584938049316,0.304146409034729,,,,,1,,step,212,2e-05,8,2,211,,,
,0.5048584938049316,,,2,0.005859375,-0.0005885064601898193,,1,2,eval,212,2e-05,,2,,0.5625,0.6656937003135681,512
4,,0.4361981749534607,0.5682499408721924,,,,,1,,step,213,2e-05,8,2,212,,,
4,,0.6862229108810425,0.8041958808898926,,,,,1,,step,214,2e-05,8,2,213,,,
,0.6862229108810425,,,2,0.0,-0.0005840808153152466,,1,2,eval,214,2e-05,,2,,0.5625,0.6651096194982529,512
4,,0.6738849580287933,0.5435740351676941,,,,,1,,step,215,2e-05,8,2,214,,,
4,,0.703756183385849,0.8639383316040039,,,,,1,,step,216,2e-05,8,2,215,,,
,0.703756183385849,,,2,0.001953125,-0.0004954636096954346,,1,2,eval,216,2e-05,,2,,0.564453125,0.6646141558885574,512
4,,0.6780753433704376,0.49221235513687134,,,,,1,,step,217,2e-05,8,2,216,,,
4,,0.44531115889549255,0.39840996265411377,,,,,1,,step,218,2e-05,8,2,217,,,
,0.44531115889549255,,,2,0.0,-0.00045461952686309814,,1,2,eval,218,2e-05,,2,,0.564453125,0.6641595363616943,512
4,,0.5386612415313721,0.6789125204086304,,,,,1,,step,219,2e-05,8,2,218,,,
4,,0.7042005658149719,0.7294886112213135,,,,,1,,step,220,2e-05,8,2,219,,,
,0.7042005658149719,,,2,0.0,-0.00039409101009368896,,1,2,eval,220,2e-05,,2,,0.564453125,0.6637654453516006,512
4,,0.7082065939903259,0.6869245767593384,,,,,1,,step,221,2e-05,8,2,220,,,
4,,0.6880412995815277,0.689158022403717,,,,,1,,step,222,2e-05,8,2,221,,,
,0.6880412995815277,,,2,0.0,-0.00035390257835388184,,1,2,eval,222,2e-05,,2,,0.564453125,0.6634115427732468,512
4,,0.7526555061340332,0.8161529898643494,,,,,1,,step,223,2e-05,8,2,222,,,
4,,0.8046791553497314,0.7932053208351135,,,,,1,,step,224,2e-05,8,2,223,,,
,0.8046791553497314,,,2,0.0,-0.0004093348979949951,,1,2,eval,224,2e-05,,2,,0.564453125,0.6630022078752518,512
4,,0.7535069286823273,0.713808536529541,,,,,1,,step,225,2e-05,8,2,224,,,
4,,0.47193092107772827,0.23005330562591553,,,,,1,,step,226,2e-05,8,2,225,,,
,0.47193092107772827,,,2,0.0,-0.00025676190853118896,,1,2,eval,226,2e-05,,2,,0.564453125,0.6627454459667206,512
4,,0.1820829212665558,0.13411253690719604,,,,,1,,step,227,2e-05,8,2,226,,,
4,,0.12074032425880432,0.1073681116104126,,,,,1,,step,228,2e-05,8,2,227,,,
,0.12074032425880432,,,2,0.0,-0.0006605833768844604,,1,2,eval,228,2e-05,,2,,0.564453125,0.6620848625898361,512
4,,0.32506945729255676,0.5427708029747009,,,,,1,,step,229,2e-05,8,2,228,,,
4,,0.6206608712673187,0.6985509395599365,,,,,1,,step,230,2e-05,8,2,229,,,
,0.6206608712673187,,,2,0.0,-0.0009167641401290894,,1,2,eval,230,2e-05,,2,,0.564453125,0.661168098449707,512
4,,0.7750139534473419,0.8514769673347473,,,,,1,,step,231,2e-05,8,2,230,,,
4,,0.66207554936409,0.4726741313934326,,,,,1,,step,232,2e-05,8,2,231,,,
,0.66207554936409,,,2,0.0078125,-0.0008613020181655884,,1,2,eval,232,2e-05,,2,,0.572265625,0.6603067964315414,512
4,,0.5761066675186157,0.6795392036437988,,,,,1,,step,233,2e-05,8,2,232,,,
4,,0.6737498939037323,0.6679605841636658,,,,,1,,step,234,2e-05,8,2,233,,,
,0.6737498939037323,,,2,0.005859375,-0.0006790012121200562,,1,2,eval,234,2e-05,,2,,0.578125,0.6596277952194214,512
4,,0.6659096777439117,0.6638587713241577,,,,,1,,step,235,2e-05,8,2,234,,,
4,,0.6569418013095856,0.6500248312950134,,,,,1,,step,236,2e-05,8,2,235,,,
,0.6569418013095856,,,2,0.001953125,-0.0005514174699783325,,1,2,eval,236,2e-05,,2,,0.580078125,0.659076377749443,512
4,,0.6360583007335663,0.6220917701721191,,,,,1,,step,237,2e-05,8,2,236,,,
4,,0.6464106440544128,0.6707295179367065,,,,,1,,step,238,2e-05,8,2,237,,,
,0.6464106440544128,,,2,0.0,-0.0006925910711288452,,1,2,eval,238,2e-05,,2,,0.580078125,0.6583837866783142,512
4,,0.4511130452156067,0.23149657249450684,,,,,1,,step,239,2e-05,8,2,238,,,
4,,0.4454074501991272,0.6593183279037476,,,,,1,,step,240,2e-05,8,2,239,,,
,0.4454074501991272,,,2,-0.00390625,-0.000942617654800415,,1,2,eval,240,2e-05,,2,,0.576171875,0.6574411690235138,512
4,,0.6596103310585022,0.6599023342132568,,,,,1,,step,241,2e-05,8,2,240,,,
4,,0.4883261024951935,0.3167498707771301,,,,,1,,step,242,2e-05,8,2,241,,,
,0.4883261024951935,,,2,0.005859375,-0.0011105239391326904,,1,2,eval,242,2e-05,,2,,0.58203125,0.6563306450843811,512
4,,0.19517818093299866,0.07360649108886719,,,,,1,,step,243,2e-05,8,2,242,,,
4,,0.1938638985157013,0.3141213059425354,,,,,1,,step,244,2e-05,8,2,243,,,
,0.1938638985157013,,,2,0.001953125,-0.001462683081626892,,1,2,eval,244,2e-05,,2,,0.583984375,0.6548679620027542,512
4,,0.17398673295974731,0.03385215997695923,,,,,1,,step,245,2e-05,8,2,244,,,
4,,0.24301961064338684,0.45218706130981445,,,,,1,,step,246,2e-05,8,2,245,,,
,0.24301961064338684,,,2,0.0,-0.0009485036134719849,,1,2,eval,246,2e-05,,2,,0.583984375,0.6539194583892822,512
4,,0.3451099991798401,0.23803293704986572,,,,,1,,step,247,2e-05,8,2,246,,,
4,,0.3380313515663147,0.43802976608276367,,,,,1,,step,248,2e-05,8,2,247,,,
,0.3380313515663147,,,2,0.0,-0.0006300359964370728,,1,2,eval,248,2e-05,,2,,0.583984375,0.6532894223928452,512
4,,0.6622378528118134,0.886445939540863,,,,,1,,step,249,2e-05,8,2,248,,,
4,,0.807282030582428,0.7281181216239929,,,,,1,,step,250,2e-05,8,2,249,,,
,0.807282030582428,,,2,0.0,-0.0007303804159164429,,1,2,eval,250,2e-05,,2,,0.583984375,0.6525590419769287,512
4,,0.7420965731143951,0.7560750246047974,,,,,1,,step,251,2e-05,8,2,250,,,
4,,0.5110437572002411,0.2660124897956848,,,,,1,,step,252,2e-05,8,2,251,,,
,0.5110437572002411,,,2,0.0,-0.0006998777389526367,,1,2,eval,252,2e-05,,2,,0.583984375,0.6518591642379761,512
4,,0.526103287935257,0.7861940860748291,,,,,1,,step,253,2e-05,8,2,252,,,
4,,0.724491685628891,0.6627892851829529,,,,,1,,step,254,2e-05,8,2,253,,,
,0.724491685628891,,,2,0.001953125,-0.0005501210689544678,,1,2,eval,254,2e-05,,2,,0.5859375,0.6513090431690216,512
4,,0.554267942905426,0.44574660062789917,,,,,1,,step,255,2e-05,8,2,254,,,
4,,0.4388810992240906,0.432015597820282,,,,,1,,step,256,2e-05,8,2,255,,,
,0.4388810992240906,,,2,0.00390625,-0.0005310475826263428,,1,2,eval,256,2e-05,,2,,0.58984375,0.6507779955863953,512
4,,0.5485091507434845,0.665002703666687,,,,,1,,step,257,2e-05,8,2,256,,,
4,,0.43294087052345276,0.2008790373802185,,,,,1,,step,258,2e-05,8,2,257,,,
,0.43294087052345276,,,2,0.0,-0.0004798471927642822,,1,2,eval,258,2e-05,,2,,0.58984375,0.650298148393631,512
4,,0.44812634587287903,0.6953736543655396,,,,,1,,step,259,2e-05,8,2,258,,,
4,,0.7109344601631165,0.7264952659606934,,,,,1,,step,260,2e-05,8,2,259,,,
,0.7109344601631165,,,2,-0.001953125,-0.0004780888557434082,,1,2,eval,260,2e-05,,2,,0.587890625,0.6498200595378876,512
4,,0.734138011932373,0.7417807579040527,,,,,1,,step,261,2e-05,8,2,260,,,
4,,0.41677209734916687,0.091763436794281,,,,,1,,step,262,2e-05,8,2,261,,,
,0.41677209734916687,,,2,0.0,-0.0008910596370697021,,1,2,eval,262,2e-05,,2,,0.587890625,0.6489289999008179,512
4,,0.1949993073940277,0.2982351779937744,,,,,1,,step,263,2e-05,8,2,262,,,
4,,0.5829943418502808,0.8677535057067871,,,,,1,,step,264,2e-05,8,2,263,,,
,0.5829943418502808,,,2,0.0,-0.0010101795196533203,,1,2,eval,264,2e-05,,2,,0.587890625,0.6479188203811646,512
4,,0.6859148740768433,0.5040762424468994,,,,,1,,step,265,2e-05,8,2,264,,,
4,,0.5414921641349792,0.5789080858230591,,,,,1,,step,266,2e-05,8,2,265,,,
,0.5414921641349792,,,2,0.0,-0.0007974207401275635,,1,2,eval,266,2e-05,,2,,0.587890625,0.647121399641037,512
4,,0.5953681468963623,0.6118282079696655,,,,,1,,step,267,2e-05,8,2,266,,,
4,,0.31395187973976135,0.016075551509857178,,,,,1,,step,268,2e-05,8,2,267,,,
,0.31395187973976135,,,2,-0.001953125,-0.0005363374948501587,,1,2,eval,268,2e-05,,2,,0.5859375,0.6465850621461868,512
4,,0.35575446486473083,0.6954333782196045,,,,,1,,step,269,2e-05,8,2,268,,,
4,,0.6311758458614349,0.5669183135032654,,,,,1,,step,270,2e-05,8,2,269,,,
,0.6311758458614349,,,2,-0.001953125,-0.00035540759563446045,,1,2,eval,270,2e-05,,2,,0.583984375,0.6462296545505524,512
4,,0.7015436887741089,0.8361690640449524,,,,,1,,step,271,2e-05,8,2,270,,,
4,,0.7136573493480682,0.5911456346511841,,,,,1,,step,272,2e-05,8,2,271,,,
,0.7136573493480682,,,2,0.0,-0.00038845837116241455,,1,2,eval,272,2e-05,,2,,0.583984375,0.64584119617939,512
4,,0.6909644901752472,0.7907833456993103,,,,,1,,step,273,2e-05,8,2,272,,,
4,,0.5808083415031433,0.3708333373069763,,,,,1,,step,274,2e-05,8,2,273,,,
,0.5808083415031433,,,2,0.0,-0.0007667988538742065,,1,2,eval,274,2e-05,,2,,0.583984375,0.6450743973255157,512
4,,0.5720203518867493,0.7732073664665222,,,,,1,,step,275,2e-05,8,2,274,,,
4,,0.42621904611587524,0.07923072576522827,,,,,1,,step,276,2e-05,8,2,275,,,
,0.42621904611587524,,,2,0.00390625,-0.0007594674825668335,,1,2,eval,276,2e-05,,2,,0.587890625,0.6443149298429489,512
4,,0.06705707311630249,0.05488342046737671,,,,,1,,step,277,2e-05,8,2,276,,,
4,,0.30370965600013733,0.552535891532898,,,,,1,,step,278,2e-05,8,2,277,,,
,0.30370965600013733,,,2,-0.00390625,4.2319297790527344e-05,,1,2,eval,278,2e-05,,2,,0.583984375,0.6443572491407394,512
4,,0.4864211678504944,0.4203064441680908,,,,,1,,step,279,2e-05,8,2,278,,,
4,,0.242709219455719,0.06511199474334717,,,,,1,,step,280,2e-05,8,2,279,,,
,0.242709219455719,,,2,0.001953125,-0.0012002289295196533,,1,2,eval,280,2e-05,,2,,0.5859375,0.6431570202112198,512
4,,0.16017869114875793,0.2552453875541687,,,,,1,,step,281,2e-05,8,2,280,,,
4,,0.2936619222164154,0.3320784568786621,,,,,1,,step,282,2e-05,8,2,281,,,
,0.2936619222164154,,,2,0.005859375,-0.0021475404500961304,,1,2,eval,282,2e-05,,2,,0.591796875,0.6410094797611237,512
4,,0.35639768838882446,0.3807169198989868,,,,,1,,step,283,2e-05,8,2,282,,,
4,,0.4332982301712036,0.4858795404434204,,,,,1,,step,284,2e-05,8,2,283,,,
,0.4332982301712036,,,2,-0.005859375,-0.0023057758808135986,,1,2,eval,284,2e-05,,2,,0.5859375,0.6387037038803101,512
4,,0.40149280428886414,0.31710606813430786,,,,,1,,step,285,2e-05,8,2,284,,,
4,,0.30429983139038086,0.29149359464645386,,,,,1,,step,286,2e-05,8,2,285,,,
,0.30429983139038086,,,2,0.01171875,-0.0028428584337234497,,1,2,eval,286,2e-05,,2,,0.59765625,0.6358608454465866,512
4,,0.39921218156814575,0.5069307684898376,,,,,1,,step,287,2e-05,8,2,286,,,
4,,0.5624163448810577,0.6179019212722778,,,,,1,,step,288,2e-05,8,2,287,,,
,0.5624163448810577,,,2,0.005859375,-0.0024463385343551636,,1,2,eval,288,2e-05,,2,,0.603515625,0.6334145069122314,512
4,,0.66237473487854,0.7068475484848022,,,,,1,,step,289,2e-05,8,2,288,,,
4,,0.7909133732318878,0.8749791979789734,,,,,1,,step,290,2e-05,8,2,289,,,
,0.7909133732318878,,,2,0.013671875,-0.002263009548187256,,1,2,eval,290,2e-05,,2,,0.6171875,0.6311514973640442,512
4,,0.4535183310508728,0.03205746412277222,,,,,1,,step,291,2e-05,8,2,290,,,
4,,0.27814939618110657,0.5242413282394409,,,,,1,,step,292,2e-05,8,2,291,,,
,0.27814939618110657,,,2,0.021484375,-0.002780124545097351,,1,2,eval,292,2e-05,,2,,0.638671875,0.6283713728189468,512
4,,0.4106927812099457,0.29714423418045044,,,,,1,,step,293,2e-05,8,2,292,,,
4,,0.4420029819011688,0.5868617296218872,,,,,1,,step,294,2e-05,8,2,293,,,
,0.4420029819011688,,,2,0.0,-0.002289816737174988,,1,2,eval,294,2e-05,,2,,0.638671875,0.6260815560817719,512
4,,0.6049221456050873,0.6229825615882874,,,,,1,,step,295,2e-05,8,2,294,,,
4,,0.3853302001953125,0.14767783880233765,,,,,1,,step,296,2e-05,8,2,295,,,
,0.3853302001953125,,,2,0.0078125,-0.0019937604665756226,,1,2,eval,296,2e-05,,2,,0.646484375,0.6240877956151962,512
4,,0.44893214106559753,0.7501864433288574,,,,,1,,step,297,2e-05,8,2,296,,,
4,,0.645821213722229,0.5414559841156006,,,,,1,,step,298,2e-05,8,2,297,,,
,0.645821213722229,,,2,0.005859375,-0.0017642378807067871,,1,2,eval,298,2e-05,,2,,0.65234375,0.6223235577344894,512
4,,0.6951107382774353,0.84876549243927,,,,,1,,step,299,2e-05,8,2,298,,,
4,,0.5040214359760284,0.15927737951278687,,,,,1,,step,300,2e-05,8,2,299,,,
,0.5040214359760284,,,2,0.00390625,-0.0020136982202529907,,1,2,eval,300,2e-05,,2,,0.65625,0.6203098595142365,512
4,,0.5036239922046661,0.8479706048965454,,,,,1,,step,301,2e-05,8,2,300,,,
4,,0.7747481465339661,0.7015256881713867,,,,,1,,step,302,2e-05,8,2,301,,,
,0.7747481465339661,,,2,0.0,-0.0024248361587524414,,1,2,eval,302,2e-05,,2,,0.65625,0.617885023355484,512
4,,0.7539956569671631,0.8064656257629395,,,,,1,,step,303,2e-05,8,2,302,,,
4,,0.7586767077445984,0.7108877897262573,,,,,1,,step,304,2e-05,8,2,303,,,
,0.7586767077445984,,,2,0.00390625,-0.002480745315551758,,1,2,eval,304,2e-05,,2,,0.66015625,0.6154042780399323,512
4,,0.3678677976131439,0.024847805500030518,,,,,1,,step,305,2e-05,8,2,304,,,
4,,0.2921026349067688,0.5593574643135071,,,,,1,,step,306,2e-05,8,2,305,,,
,0.2921026349067688,,,2,0.01171875,-0.0033071041107177734,,1,2,eval,306,2e-05,,2,,0.671875,0.6120971739292145,512
4,,0.4506969451904297,0.3420364260673523,,,,,1,,step,307,2e-05,8,2,306,,,
4,,0.27499690651893616,0.20795738697052002,,,,,1,,step,308,2e-05,8,2,307,,,
,0.27499690651893616,,,2,0.013671875,-0.0033484995365142822,,1,2,eval,308,2e-05,,2,,0.685546875,0.6087486743927002,512
4,,0.25555986166000366,0.3031623363494873,,,,,1,,step,309,2e-05,8,2,308,,,
4,,0.20590785145759583,0.10865336656570435,,,,,1,,step,310,2e-05,8,2,309,,,
,0.20590785145759583,,,2,0.0078125,-0.0029525458812713623,,1,2,eval,310,2e-05,,2,,0.693359375,0.6057961285114288,512
4,,0.27476587891578674,0.44087839126586914,,,,,1,,step,311,2e-05,8,2,310,,,
4,,0.5463098585605621,0.6517413258552551,,,,,1,,step,312,2e-05,8,2,311,,,
,0.5463098585605621,,,2,0.01171875,-0.003008037805557251,,1,2,eval,312,2e-05,,2,,0.705078125,0.6027880907058716,512
4,,0.5667794942855835,0.48181766271591187,,,,,1,,step,313,2e-05,8,2,312,,,
4,,0.5581176578998566,0.6344176530838013,,,,,1,,step,314,2e-05,8,2,313,,,
,0.5581176578998566,,,2,0.0078125,-0.0030990242958068848,,1,2,eval,314,2e-05,,2,,0.712890625,0.5996890664100647,512
4,,0.3442211449146271,0.05402463674545288,,,,,1,,step,315,2e-05,8,2,314,,,
4,,0.4272442162036896,0.8004637956619263,,,,,1,,step,316,2e-05,8,2,315,,,
,0.4272442162036896,,,2,0.013671875,-0.0030444711446762085,,1,2,eval,316,2e-05,,2,,0.7265625,0.5966445952653885,512
4,,0.6439613997936249,0.4874590039253235,,,,,1,,step,317,2e-05,8,2,316,,,
4,,0.6022089123725891,0.7169588208198547,,,,,1,,step,318,2e-05,8,2,317,,,
,0.6022089123725891,,,2,0.0,-0.0029864609241485596,,1,2,eval,318,2e-05,,2,,0.7265625,0.5936581343412399,512
4,,0.5796297788619995,0.4423007369041443,,,,,1,,step,319,2e-05,8,2,318,,,
4,,0.3355201184749603,0.22873950004577637,,,,,1,,step,320,2e-05,8,2,319,,,
,0.3355201184749603,,,2,0.001953125,-0.0031841695308685303,,1,2,eval,320,2e-05,,2,,0.728515625,0.5904739648103714,512
4,,0.2094859778881073,0.19023245573043823,,,,,1,,step,321,2e-05,8,2,320,,,
4,,0.27100178599357605,0.35177111625671387,,,,,1,,step,322,2e-05,8,2,321,,,
,0.27100178599357605,,,2,-0.001953125,-0.003164425492286682,,1,2,eval,322,2e-05,,2,,0.7265625,0.5873095393180847,512
4,,0.3295980989933014,0.3074250817298889,,,,,1,,step,323,2e-05,8,2,322,,,
4,,0.2593797445297241,0.21133440732955933,,,,,1,,step,324,2e-05,8,2,323,,,
,0.2593797445297241,,,2,0.0,-0.0031785964965820312,,1,2,eval,324,2e-05,,2,,0.7265625,0.5841309428215027,512
4,,0.4361198842525482,0.6609053611755371,,,,,1,,step,325,2e-05,8,2,324,,,
4,,0.4258304834365845,0.19075560569763184,,,,,1,,step,326,2e-05,8,2,325,,,
,0.4258304834365845,,,2,-0.0078125,-0.0028527677059173584,,1,2,eval,326,2e-05,,2,,0.71875,0.5812781751155853,512
4,,0.2516917884349823,0.31262797117233276,,,,,1,,step,327,2e-05,8,2,326,,,
4,,0.3242945075035095,0.3359610438346863,,,,,1,,step,328,2e-05,8,2,327,,,
,0.3242945075035095,,,2,-0.005859375,-0.0025697946548461914,,1,2,eval,328,2e-05,,2,,0.712890625,0.5787083804607391,512
4,,0.5317101180553436,0.727459192276001,,,,,1,,step,329,2e-05,8,2,328,,,
4,,0.6920724213123322,0.6566856503486633,,,,,1,,step,330,2e-05,8,2,329,,,
,0.6920724213123322,,,2,0.0,-0.00348779559135437,,1,2,eval,330,2e-05,,2,,0.712890625,0.5752205848693848,512
4,,0.6419419944286346,0.627198338508606,,,,,1,,step,331,2e-05,8,2,330,,,
4,,0.6168738603591919,0.6065493822097778,,,,,1,,step,332,2e-05,8,2,331,,,
,0.6168738603591919,,,2,0.001953125,-0.004469960927963257,,1,2,eval,332,2e-05,,2,,0.71484375,0.5707506239414215,512
4,,0.4402409493923187,0.2739325165748596,,,,,1,,step,333,2e-05,8,2,332,,,
4,,0.16844609379768372,0.06295967102050781,,,,,1,,step,334,2e-05,8,2,333,,,
,0.16844609379768372,,,2,0.005859375,-0.004644513130187988,,1,2,eval,334,2e-05,,2,,0.720703125,0.5661061108112335,512
4,,0.27658146619796753,0.49020326137542725,,,,,1,,step,335,2e-05,8,2,334,,,
4,,0.530592679977417,0.5709820985794067,,,,,1,,step,336,2e-05,8,2,335,,,
,0.530592679977417,,,2,0.01953125,-0.005789443850517273,,1,2,eval,336,2e-05,,2,,0.740234375,0.5603166669607162,512
4,,0.4489137530326843,0.3268454074859619,,,,,1,,step,337,2e-05,8,2,336,,,
4,,0.34610888361930847,0.36537235975265503,,,,,1,,step,338,2e-05,8,2,337,,,
,0.34610888361930847,,,2,0.015625,-0.006395518779754639,,1,2,eval,338,2e-05,,2,,0.755859375,0.5539211481809616,512
4,,0.49978652596473694,0.6342006921768188,,,,,1,,step,339,2e-05,8,2,338,,,
4,,0.5498579144477844,0.46551513671875,,,,,1,,step,340,2e-05,8,2,339,,,
,0.5498579144477844,,,2,0.005859375,-0.0065467506647109985,,1,2,eval,340,2e-05,,2,,0.76171875,0.5473743975162506,512
4,,0.3669222593307495,0.268329381942749,,,,,1,,step,341,2e-05,8,2,340,,,
4,,0.3773946464061737,0.4864599108695984,,,,,1,,step,342,2e-05,8,2,341,,,
,0.3773946464061737,,,2,0.021484375,-0.006205365061759949,,1,2,eval,342,2e-05,,2,,0.783203125,0.5411690324544907,512
4,,0.3528251349925995,0.21919035911560059,,,,,1,,step,343,2e-05,8,2,342,,,
4,,0.36987459659576416,0.5205588340759277,,,,,1,,step,344,2e-05,8,2,343,,,
,0.36987459659576416,,,2,0.005859375,-0.005515888333320618,,1,2,eval,344,2e-05,,2,,0.7890625,0.53565314412117,512
4,,0.35052257776260376,0.18048632144927979,,,,,1,,step,345,2e-05,8,2,344,,,
4,,0.23087331652641296,0.28126031160354614,,,,,1,,step,346,2e-05,8,2,345,,,
,0.23087331652641296,,,2,0.00390625,-0.005797736346721649,,1,2,eval,346,2e-05,,2,,0.79296875,0.5298554077744484,512
4,,0.26870641112327576,0.25615251064300537,,,,,1,,step,347,2e-05,8,2,346,,,
4,,0.26404666900634766,0.27194082736968994,,,,,1,,step,348,2e-05,8,2,347,,,
,0.26404666900634766,,,2,0.00390625,-0.006770402193069458,,1,2,eval,348,2e-05,,2,,0.796875,0.5230850055813789,512
4,,0.3989499807357788,0.5259591341018677,,,,,1,,step,349,2e-05,8,2,348,,,
4,,0.43677011132240295,0.34758108854293823,,,,,1,,step,350,2e-05,8,2,349,,,
,0.43677011132240295,,,2,0.001953125,-0.006878487765789032,,1,2,eval,350,2e-05,,2,,0.798828125,0.5162065178155899,512
4,,0.2496051788330078,0.1516292691230774,,,,,1,,step,351,2e-05,8,2,350,,,
4,,0.2852898836135864,0.41895049810409546,,,,,1,,step,352,2e-05,8,2,351,,,
,0.2852898836135864,,,2,0.001953125,-0.006429210305213928,,1,2,eval,352,2e-05,,2,,0.80078125,0.509777307510376,512
4,,0.4925433397293091,0.5661361813545227,,,,,1,,step,353,2e-05,8,2,352,,,
4,,0.5932336747646332,0.6203311681747437,,,,,1,,step,354,2e-05,8,2,353,,,
,0.5932336747646332,,,2,0.0,-0.006543643772602081,,1,2,eval,354,2e-05,,2,,0.80078125,0.5032336637377739,512
4,,0.4802989065647125,0.3402666449546814,,,,,1,,step,355,2e-05,8,2,354,,,
4,,0.3786567449569702,0.41704684495925903,,,,,1,,step,356,2e-05,8,2,355,,,
,0.3786567449569702,,,2,0.0,-0.0061640664935112,,1,2,eval,356,2e-05,,2,,0.80078125,0.4970695972442627,512
4,,0.4361497163772583,0.45525258779525757,,,,,1,,step,357,2e-05,8,2,356,,,
4,,0.4022248685359955,0.3491971492767334,,,,,1,,step,358,2e-05,8,2,357,,,
,0.4022248685359955,,,2,0.001953125,-0.005985967814922333,,1,2,eval,358,2e-05,,2,,0.802734375,0.49108362942934036,512
4,,0.37515953183174133,0.40112191438674927,,,,,1,,step,359,2e-05,8,2,358,,,
4,,0.38908305764198303,0.3770442008972168,,,,,1,,step,360,2e-05,8,2,359,,,
,0.38908305764198303,,,2,0.001953125,-0.006397455930709839,,1,2,eval,360,2e-05,,2,,0.8046875,0.4846861734986305,512
4,,0.48900264501571655,0.6009610891342163,,,,,1,,step,361,2e-05,8,2,360,,,
4,,0.5743176341056824,0.5476741790771484,,,,,1,,step,362,2e-05,8,2,361,,,
,0.5743176341056824,,,2,0.00390625,-0.005120009183883667,,1,2,eval,362,2e-05,,2,,0.80859375,0.47956616431474686,512
4,,0.5553820729255676,0.5630899667739868,,,,,1,,step,363,2e-05,8,2,362,,,
4,,0.5419630110263824,0.5208360552787781,,,,,1,,step,364,2e-05,8,2,363,,,
,0.5419630110263824,,,2,-0.001953125,-0.005676783621311188,,1,2,eval,364,2e-05,,2,,0.806640625,0.47388938069343567,512
4,,0.5493678152561188,0.5778995752334595,,,,,1,,step,365,2e-05,8,2,364,,,
4,,0.5283483266830444,0.4787970781326294,,,,,1,,step,366,2e-05,8,2,365,,,
,0.5283483266830444,,,2,0.0,-0.007177717983722687,,1,2,eval,366,2e-05,,2,,0.806640625,0.466711662709713,512
4,,0.4500391483306885,0.42128121852874756,,,,,1,,step,367,2e-05,8,2,366,,,
4,,0.5414257645606995,0.6615703105926514,,,,,1,,step,368,2e-05,8,2,367,,,
,0.5414257645606995,,,2,0.0,-0.007875598967075348,,1,2,eval,368,2e-05,,2,,0.806640625,0.45883606374263763,512
4,,0.5142716467380524,0.36697298288345337,,,,,1,,step,369,2e-05,8,2,368,,,
4,,0.41578057408332825,0.4645881652832031,,,,,1,,step,370,2e-05,8,2,369,,,
,0.41578057408332825,,,2,0.00390625,-0.0064032599329948425,,1,2,eval,370,2e-05,,2,,0.810546875,0.4524328038096428,512
4,,0.3317626714706421,0.19893717765808105,,,,,1,,step,371,2e-05,8,2,370,,,
4,,0.24327322840690613,0.2876092791557312,,,,,1,,step,372,2e-05,8,2,371,,,
,0.24327322840690613,,,2,0.005859375,-0.006268434226512909,,1,2,eval,372,2e-05,,2,,0.81640625,0.4461643695831299,512
4,,0.23984786868095398,0.19208645820617676,,,,,1,,step,373,2e-05,8,2,372,,,
4,,0.47833964228630066,0.7645928263664246,,,,,1,,step,374,2e-05,8,2,373,,,
,0.47833964228630066,,,2,0.009765625,-0.006109051406383514,,1,2,eval,374,2e-05,,2,,0.826171875,0.44005531817674637,512
4,,0.6144311130046844,0.46426939964294434,,,,,1,,step,375,2e-05,8,2,374,,,
4,,0.5047207474708557,0.5451720952987671,,,,,1,,step,376,2e-05,8,2,375,,,
,0.5047207474708557,,,2,-0.00390625,-0.005357362329959869,,1,2,eval,376,2e-05,,2,,0.822265625,0.4346979558467865,512
4,,0.5321159958839417,0.5190598964691162,,,,,1,,step,377,2e-05,8,2,376,,,
4,,0.5169722437858582,0.5148845911026001,,,,,1,,step,378,2e-05,8,2,377,,,
,0.5169722437858582,,,2,0.00390625,-0.004967652261257172,,1,2,eval,378,2e-05,,2,,0.826171875,0.4297303035855293,512
4,,0.42359742522239685,0.3323102593421936,,,,,1,,step,379,2e-05,8,2,378,,,
4,,0.34175312519073486,0.3511959910392761,,,,,1,,step,380,2e-05,8,2,379,,,
,0.34175312519073486,,,2,0.001953125,-0.0046745240688323975,,1,2,eval,380,2e-05,,2,,0.828125,0.42505577951669693,512
4,,0.496793657541275,0.6423913240432739,,,,,1,,step,381,2e-05,8,2,380,,,
4,,0.5613023042678833,0.4802132844924927,,,,,1,,step,382,2e-05,8,2,381,,,
,0.5613023042678833,,,2,-0.00390625,-0.003294534981250763,,1,2,eval,382,2e-05,,2,,0.82421875,0.42176124453544617,512
4,,0.3417518734931946,0.20329046249389648,,,,,1,,step,383,2e-05,8,2,382,,,
4,,0.39305293560028076,0.582815408706665,,,,,1,,step,384,2e-05,8,2,383,,,
,0.39305293560028076,,,2,-0.001953125,-0.004043452441692352,,1,2,eval,384,2e-05,,2,,0.822265625,0.4177177920937538,512
4,,0.4166316092014313,0.2504478096961975,,,,,1,,step,385,2e-05,8,2,384,,,
4,,0.3391185700893402,0.4277893304824829,,,,,1,,step,386,2e-05,8,2,385,,,
,0.3391185700893402,,,2,0.005859375,-0.0038660019636154175,,1,2,eval,386,2e-05,,2,,0.828125,0.4138517901301384,512
4,,0.329473078250885,0.2311568260192871,,,,,1,,step,387,2e-05,8,2,386,,,
4,,0.37718135118484497,0.5232058763504028,,,,,1,,step,388,2e-05,8,2,387,,,
,0.37718135118484497,,,2,0.01171875,-0.004987657070159912,,1,2,eval,388,2e-05,,2,,0.83984375,0.4088641330599785,512
4,,0.43501198291778564,0.34681808948516846,,,,,1,,step,389,2e-05,8,2,388,,,
4,,0.3418530523777008,0.33688801527023315,,,,,1,,step,390,2e-05,8,2,389,,,
,0.3418530523777008,,,2,0.001953125,-0.004710003733634949,,1,2,eval,390,2e-05,,2,,0.841796875,0.40415412932634354,512
4,,0.23813515901565552,0.13938230276107788,,,,,1,,step,391,2e-05,8,2,390,,,
4,,0.18956422805786133,0.23974615335464478,,,,,1,,step,392,2e-05,8,2,391,,,
,0.18956422805786133,,,2,0.005859375,-0.004118189215660095,,1,2,eval,392,2e-05,,2,,0.84765625,0.40003594011068344,512
4,,0.29703545570373535,0.3543247580528259,,,,,1,,step,393,2e-05,8,2,392,,,
4,,0.4694632589817047,0.5846017599105835,,,,,1,,step,394,2e-05,8,2,393,,,
,0.4694632589817047,,,2,0.001953125,-0.0037208348512649536,,1,2,eval,394,2e-05,,2,,0.849609375,0.3963151052594185,512
4,,0.5038303136825562,0.4230588674545288,,,,,1,,step,395,2e-05,8,2,394,,,
4,,0.43580055236816406,0.4485422372817993,,,,,1,,step,396,2e-05,8,2,395,,,
,0.43580055236816406,,,2,-0.009765625,-0.002764485776424408,,1,2,eval,396,2e-05,,2,,0.83984375,0.3935506194829941,512
4,,0.44101279973983765,0.433483362197876,,,,,1,,step,397,2e-05,8,2,396,,,
4,,0.4909934997558594,0.5485036373138428,,,,,1,,step,398,2e-05,8,2,397,,,
,0.4909934997558594,,,2,0.009765625,-0.0033598244190216064,,1,2,eval,398,2e-05,,2,,0.849609375,0.3901907950639725,512
4,,0.5032938122749329,0.45808398723602295,,,,,1,,step,399,2e-05,8,2,398,,,
4,,0.40553584694862366,0.35298770666122437,,,,,1,,step,400,2e-05,8,2,399,,,
,0.40553584694862366,,,2,0.001953125,-0.0029039904475212097,,1,2,eval,400,2e-05,,2,,0.8515625,0.38728680461645126,512
,,,,,,,503.58,SUMMARY,,summary,400,2e-05,,2,,,,
